0.14575020781379883 0.2517395833333333 1.69 0.07658146300914381 0.21960625 1.714 1
-0.7761190773067332 0.666659375 1.671 -0.8331779925187033 0.6351984375 1.6005 1
-0.1929862842892768 -0.3287395833333333 1.51 -0.23370168329177057 -0.3584109375 1.4895 1
-0.09288965087281796 -0.504309375 1.161 -0.10630247298420614 -0.5256567708333333 1.1495 1
0.24796602244389027 0.16396093750000001 1.6925 0.1848841438071488 0.1349609375 1.7275 1
0.04386169991687448 0.09673697916666665 1.6885 -0.030011429758935997 0.100878125 1.699 0
0.8222516625103906 -0.16812604166666664 1.567 0.753761429758936 -0.19193749999999998 1.66 0
0.08245999584372402 0.23392760416666664 1.6885 0.01950488362427265 0.20442447916666667 1.7065 1
0.4380455112219451 -0.225159375 1.533 0.37571799667497924 -0.25823229166666667 1.579 1
0.21611388196176226 -0.5835041666666666 1.276 0.2004597880299252 -0.6056546875 1.3305 0
