-0.20863466334164588 0.48196875 1.746 -0.6380236907730673 0.45286875000000004 1.494 1
-0.03938591022443891 0.2613489583333333 1.805 -0.5151756026600166 0.21365104166666665 1.615 1
1.1785297173732336 -0.619084375 2.177 0.3913580631753949 -0.757184375 2.399 1
0.3686793433083957 -0.3584572916666666 1.783 -0.17744700748129677 -0.45101562500000003 1.725 0
-0.027123337489609312 -0.3758776041666667 1.5355 -0.4532605985037407 -0.41270625000000005 1.334 0
-0.3108317747298421 -0.21037552083333333 1.5185 -0.669220178719867 -0.22954947916666668 1.2175 1
-0.08975841645885287 -0.23521822916666668 1.5155 -0.46326631338320867 -0.2648151041666667 1.2775 0
0.5148545303408146 0.34909166666666663 2.056 -0.11832657938487115 0.2609692708333333 2.0705 1
1.1459336034912717 0.12927031249999998 2.3415 0.324879467996675 -0.002691666666666667 2.584 1
0.5581525353283457 0.29597708333333334 2.074 -0.1060291978387365 0.15835677083333335 2.0825 0
