0.45293485037406483 0.5777098958333333 2.0465 -0.190670719035744 0.4768182291666667 2.0165 0
0.37363778054862845 -0.3149385416666667 1.789 -0.1784756857855362 -0.3885677083333334 1.735 1
0.051831359102244394 -0.12509114583333333 1.8475 -0.49010286783042395 -0.17756770833333332 1.655 1
-0.043125000000000004 0.26127656250000003 1.8045 -0.5306722776392353 0.23514687499999998 1.601 0
-0.09786055694098088 0.105509375 1.777 -0.5766978387364922 0.06602708333333333 1.546 1
-0.3101153366583541 -0.21620312499999997 1.515 -0.6759902327514548 -0.230084375 1.207 1
0.554243038237739 0.28754322916666664 2.0755 -0.08635598503740648 0.17980312499999998 2.131 0
0.5108302161263508 0.34926145833333333 2.057 -0.1311398586866168 0.25646979166666667 2.069 1
0.39354945968412297 -0.4590666666666666 1.408 -0.01291926433915212 -0.5396484375 1.3815 0
0.6908956774729842 0.34074374999999996 2.138 0.01628532834580216 0.230896875 2.239 0
