0.06402743142144639 -0.3834791666666667 1.58 -0.3815741895261846 -0.426496875 1.407 1
1.1363320864505404 0.45025625 2.362 0.25146768495428096 0.3104765625 2.5475 0
0.37661315461346634 0.0062578125 2.0025 -0.29028834164588535 -0.0336546875 1.9005 0
0.9674984413965088 -0.2477890625 2.2655 0.14780652535328345 -0.38927604166666663 2.411 0
-0.03667238154613467 -0.37882968749999996 1.5345 -0.44714463840399005 -0.3992125 1.308 1
0.04414068994181214 -0.12505729166666665 1.847 -0.4939895054031588 -0.17772864583333334 1.6565 0
1.1310401080631753 0.12979479166666666 2.351 0.2872901080631754 -0.040375 2.584 1
0.9766988778054864 -0.162796875 2.265 0.15338736492103078 -0.28989583333333335 2.42 1
0.04996051537822112 -0.27460625 1.658 -0.41254052369077315 -0.3175364583333334 1.487 0
0.5031353906899418 0.3455630208333334 2.0605 -0.13671602244389025 0.29369531249999997 2.0885 0
