0.47709580216126357 0.19088645833333334 2.059 -0.16786679135494598 0.108640625 2.045 1
-0.15495895677472984 -0.11879427083333333 1.7545 -0.6401366375727349 -0.15308906249999998 1.4845 1
-0.05781899418121363 0.03552604166666666 1.795 -0.5666173108894431 0.017903645833333332 1.5625 0
-0.10195085203657524 -0.23743177083333336 1.5095 -0.4900197423108894 -0.26636979166666663 1.285 1
-0.14796134663341645 0.29849374999999995 1.758 -0.6235416666666667 0.23538697916666665 1.4965 0
0.036394950124688276 -0.1286609375 1.8435 -0.5073441396508728 -0.1763875 1.644 1
-0.11225166251039069 0.10146354166666667 1.771 -0.6019435785536159 0.07444114583333333 1.5205 0
0.4902893807148795 0.3455630208333334 2.0605 -0.15640689941812136 0.25560208333333334 2.062 1
0.040125727348295934 -0.22911354166666667 1.679 -0.4293303200332502 -0.27702343749999997 1.5025 1
0.6761144014962593 0.3377838541666666 2.1475 -0.0116869285120532 0.25541197916666664 2.2495 0
