-0.20660328345802162 0.124271875 1.729 -0.6618755195344972 0.09824479166666666 1.451 1
0.0330584995843724 -0.23547656250000001 1.6745 -0.4375296134663341 -0.27940781249999996 1.4985 0
-0.06173784289276808 0.2531953125 1.8005 -0.5498098503740648 0.22345312499999997 1.589 1
0.46572475062344143 -0.3285515625 1.8445 -0.12451111803823774 -0.39840572916666667 1.6415 0
-0.04963736492103076 -0.38364479166666665 1.541 -0.4345885286783042 -0.4147416666666667 1.256 0
0.3468360349127182 -0.36629687499999997 1.785 -0.21861128428927679 -0.4400973958333333 1.7105 1
-0.0652431421446384 0.035506249999999996 1.794 -0.5721945137157108 0.004875 1.56 0
0.3595687863674148 -0.3231135416666666 1.793 -0.1813045511221945 -0.3763671875 1.7625 0
-0.2760224438902743 -0.0546375 1.692 -0.7186518079800499 -0.07621510416666667 1.3805 1
0.36023690773067335 0.006262500000000001 2.004 -0.27545199501246886 -0.07860937500000001 1.935 1
