-0.21348036159600997 0.12409218749999999 1.7265 -0.6599953241895261 0.1165828125 1.4535 0
1.0963668952618455 -0.0663890625 2.3605 0.22121259351620945 -0.21642187499999999 2.565 1
1.1047272443890275 0.4385359375 2.3785 0.24011689526184538 0.2948109375 2.5965 0
0.45818266832917703 -0.328640625 1.845 -0.16539536575228597 -0.40054947916666667 1.7885 1
0.34829332917705735 -0.3230234375 1.7925 -0.222815357439734 -0.3984963541666667 1.7155 1
0.0295963216957606 -0.2356171875 1.6755 -0.44862219451371577 -0.25111875 1.362 0
0.95375 0.073915625 2.289 0.10303252285951786 -0.06298177083333333 2.4185 0
1.0979925187032418 0.027087499999999997 2.364 0.2272495843724023 -0.12596979166666666 2.573 0
1.1054712177888613 0.12094322916666665 2.3695 0.23331982543640897 -0.03495104166666666 2.581 1
0.4787177888611803 0.3378770833333333 2.066 -0.18149937655860351 0.24189062500000003 2.055 1
