-0.07292238154613467 0.25680364583333337 1.7995 -0.572052680798005 0.2107671875 1.5685 1
1.0963165004156277 0.11608020833333334 2.371 0.18827098919368246 -0.03455833333333334 2.552 0
0.4508806109725686 -0.3289078125 1.8465 -0.17302213216957607 -0.41591822916666665 1.7905 1
-0.07274002493765586 0.03178645833333334 1.795 -0.5914198877805487 0.004820312499999999 1.5425 0
0.34103335411471325 -0.32320364583333333 1.7935 -0.20290211970074812 -0.41898854166666666 1.669 0
1.095160536159601 0.0370078125 2.3685 0.19399158354114715 -0.1092265625 2.5575 0
-0.1764323566084788 -0.12217031249999999 1.7505 -0.6657528054862843 -0.15659218749999998 1.4595 1
0.5113575436408977 0.019467187499999997 2.0765 -0.1900405236907731 -0.08348437500000001 2.055 1
-0.11781224023275146 -0.2653567708333333 1.4725 -0.5042939526184539 -0.2967109375 1.2225 1
-0.3842347256857855 -0.0462234375 1.6435 -0.7898010182876144 -0.052426562499999996 1.2905 0
