-0.09111128428927681 0.0279609375 1.7895 -0.6104634247714048 0.007947916666666667 1.526 1
-0.13941708229426433 0.48265729166666665 1.789 -0.6209928304239402 0.44740468749999995 1.5285 1
0.6350150665004156 0.32167552083333334 2.1595 -0.05451267664172901 0.25423645833333336 2.281 0
0.3215887364921031 -0.374571875 1.789 -0.24828865336658354 -0.42993437500000004 1.671 1
-0.1801730049875312 0.2937411458333334 1.7515 -0.6519913757273483 0.26481614583333335 1.4695 1
0.43996363258520366 -0.33705729166666665 1.849 -0.18175654613466333 -0.4895546875 2.1075 0
0.3301278054862843 -0.33095312499999996 1.795 -0.24813175394846218 -0.40265625 1.718 1
-0.06501039068994181 -0.38944791666666667 1.526 -0.500550187032419 -0.4256473958333334 1.3055 0
0.4585785536159601 0.33022500000000005 2.072 -0.2353444513715711 0.2486859375 2.0405 1
0.4950483167082294 0.0108359375 2.0805 -0.2190783458021613 -0.07889479166666667 2.047 1
