-0.287671965918537 0.2706984375 1.6985 -0.730171965918537 0.27147864583333337 1.3645 0
0.00515430174563591 -0.2807505208333333 1.6535 -0.4787983167082294 -0.3244828125 1.4355 0
0.4079114713216958 -0.57969375 1.438 -0.06466645885286783 -0.643959375 1.383 1
-0.13248129675810474 -0.2515625 1.5 -0.5357829384871154 -0.25755989583333333 1.2425 1
0.005221321695760599 -0.2425260416666667 1.675 -0.5351636533665836 -0.29653281249999996 1.6455 0
0.3105221321695761 -0.37467656250000003 1.7895 -0.28428460099750624 -0.4458515625 1.6785 1
0.3189370324189526 -0.33469270833333337 1.795 -0.2759408769742311 -0.4034932291666667 1.6915 1
0.3621134663341646 0.23988958333333332 2.038 -0.3069737115544472 0.1650796875 1.9565 1
-0.31209684123025766 -0.06117708333333333 1.678 -0.7626636533665835 -0.0702578125 1.3225 1
0.6279239401496259 0.31813125000000003 2.166 -0.09941292601828762 0.19700520833333332 2.225 0
