0.7123997298420615 -0.3232338541666666 1.2265 0.6910614089775561 -0.3470859375 1.3275 0
-0.03372350374064838 -0.16581927083333337 1.5455 -0.07943578553615961 -0.192059375 1.499 0
0.16682252701579384 0.054572916666666665 1.69 0.0728704280964256 0.0267265625 1.7105 0
0.15970386533665837 0.191771875 1.689 0.08007325436408978 0.15876302083333332 1.7125 1
0.7087718204488778 -0.29089375 1.526 0.653125 -0.3086015625 1.5675 0
0.17038497506234415 0.005282812499999999 1.6905 0.09074968827930174 -0.0267578125 1.7125 0
0.15702618453865336 -0.11850625 1.698 0.09469399418121363 -0.15224739583333333 1.7195 1
0.2266318578553616 -0.5806182291666667 1.2755 0.2406753948462178 -0.6052145833333333 1.294 0
0.21720542394014963 -0.12923281250000002 1.6995 0.16358063175394846 -0.16038541666666667 1.73 1
-0.7456411055694099 0.08733229166666666 1.421 -0.8057590399002493 0.055757812500000004 1.3725 0
