0.014700748129675811 -0.40118750000000003 1.572 -0.4566583541147132 -0.4298 1.344 1
-0.24449033665835412 0.1127109375 1.7175 -0.714931421446384 0.10280208333333334 1.39 1
-0.2942108270989194 0.2702203125 1.6955 -0.7374386949293433 0.2615052083333333 1.357 1
0.3985302369077307 -0.5820817708333333 1.4365 -0.07503740648379052 -0.665225 1.416 0
0.05928927680798005 -0.4715375 1.268 -0.28623493349958434 -0.4995911458333333 1.0975 1
0.42657626766417295 0.053723958333333335 2.063 -0.2886445344970906 -0.010408854166666667 1.9985 1
-0.005215087281795512 -0.245721875 1.673 -0.5005034289276807 -0.27875260416666664 1.4465 1
-0.11301226101413134 0.02043020833333333 1.783 -0.6409138611803824 0.020224479166666667 1.4935 0
0.3158213840399003 -0.33909218750000003 1.7985 -0.29788185785536164 -0.4034078125 1.6765 0
0.4335785536159601 0.3222125 2.076 -0.2421680174563591 0.2857421875 2.0625 0
