0.4574516832917706 -0.015214062499999998 2.0865 -0.27176589775561094 -0.0696953125 2.0275 1
0.4044705943474647 -0.3084765625 1.8625 -0.24290263923524522 -0.36619427083333334 1.7845 0
0.38591645885286785 -0.58704375 1.434 -0.10003740648379053 -0.6313875000000001 1.356 0
-0.2082761845386534 0.28142187500000004 1.743 -0.6843983790523692 0.273546875 1.435 1
-0.012150353283458022 -0.2523151041666667 1.6705 -0.5135733582709893 -0.274690625 1.441 1
-0.1239541770573566 0.0241109375 1.7805 -0.6446643807148795 0.014015625000000002 1.495 1
0.4059294472152951 -0.3529421875 1.8515 -0.24426174147963428 -0.40689322916666665 1.7675 0
1.0312125935162095 0.08260312500000001 2.403 0.09878584788029926 -0.0401484375 2.5695 0
0.304524106400665 -0.34648958333333335 1.798 -0.2798560889443059 -0.4020703125 1.7155 0
-0.008515170407315047 -0.3260927083333333 1.639 -0.4977213216957606 -0.351778125 1.413 1
