-0.022544679966749793 -0.255565625 1.669 -0.5245116375727348 -0.27557291666666667 1.43 1
1.0179229010806319 -0.007521875 2.407 0.07194669576059849 -0.12021093749999999 2.5645 1
-0.1417747298420615 -0.04245416666666667 1.772 -0.6672604945968413 -0.0321453125 1.4695 1
0.45232855361596014 0.24754062500000001 2.103 -0.2449272651704073 0.19773541666666666 2.086 0
-0.13486492103075645 0.020372916666666668 1.778 -0.6577592477140481 0.010809895833333333 1.4825 1
0.2933146300914381 -0.3502354166666667 1.798 -0.31831047381546135 -0.39931875 1.674 1
1.0198259559434748 0.07787135416666667 2.4115 0.09853595178719868 -0.040046875 2.563 1
0.44508260598503746 -0.006529687500000001 2.0895 -0.29160536159601 -0.077815625 2.019 1
0.5207164380714879 -0.1977005208333333 2.1325 -0.2648768703241895 -0.28712760416666666 2.0725 0
0.41359517871986706 0.3060875 2.084 -0.2949220698254364 0.245334375 2.013 1
