0.9966251039068994 0.06291666666666666 2.416 0.056100374064837914 -0.034815625 2.571 1
-0.047511429758936 -0.222909375 1.829 -0.6063731296758105 -0.24216718749999996 1.5815 0
0.26137157107231923 -0.43670833333333337 1.784 -0.3208915211970075 -0.4714770833333333 1.634 1
0.31302369077306735 -0.39536041666666666 1.702 -0.2608509975062344 -0.438059375 1.599 1
-0.1526496259351621 0.00921875 1.77 -0.6703143183707398 -0.010715104166666666 1.4695 1
-0.03285120532003325 -0.2617333333333333 1.664 -0.5335853075644224 -0.2741276041666667 1.4225 1
0.5684273690773067 0.2928703125 2.1795 -0.20072163341645885 0.2238328125 2.1705 1
0.2741739401496259 -0.353390625 1.795 -0.34502493765586034 -0.40095416666666667 1.652 0
-0.032456359102244384 -0.2962625 1.644 -0.5229821280133001 -0.31691041666666664 1.402 1
0.4982076059850374 -0.206440625 2.131 -0.26327306733167083 -0.28138124999999997 2.094 1
