0.5784772443890275 0.22234218749999998 2.2005 -0.21533925602660017 0.15225052083333335 2.1815 0
0.030148067331670827 -0.4848890625 1.2615 -0.3128662718204489 -0.47212343749999997 1.0565 0
-0.11025716957605984 0.0430890625 1.7985 -0.642781068162926 0.042539062499999995 1.5125 0
0.3882611180382377 0.2935546875 2.0875 -0.32577826267664173 0.2517052083333333 1.997 1
0.2581696799667498 -0.40777343750000006 1.7875 -0.3478252285951787 -0.438015625 1.649 1
-0.04312136325852037 -0.2680208333333333 1.66 -0.5411923316708229 -0.2720078125 1.4115 0
-0.1599158354114713 0.005528124999999999 1.769 -0.6811393391521198 -0.0045421875 1.4535 1
0.3715009351620948 -0.3685703125 1.8525 -0.31136689526184536 -0.4692796875 2.0385 0
0.26663913133832085 -0.3607692708333333 1.7945 -0.3407174771404821 -0.37277864583333337 1.6645 0
0.14518391521197008 -0.40789062500000006 1.725 -0.4160577722360765 -0.42676041666666664 1.546 1
