0.36004883624272654 -0.376390625 1.853 -0.3131234413965087 -0.4719270833333333 2.05 0
-0.07004779717373234 -0.23344375 1.822 -0.604540731504572 -0.23411875000000001 1.594 0
0.13521976309226932 -0.4915682291666667 1.3145 -0.24435785536159602 -0.50334375 1.17 1
-0.17744025353283457 -0.009169270833333333 1.7605 -0.6922869908561929 0.040471875000000004 1.439 0
0.24249428512053203 -0.45094218750000004 1.7815 -0.36458852867830427 -0.46749999999999997 1.632 0
-0.1825062344139651 -0.2752125 1.476 -0.5831156483790524 -0.26103593750000004 1.1765 1
0.2468874688279302 -0.4112671875 1.7865 -0.35944981296758105 -0.4286609375 1.6395 1
0.25538029925187034 -0.36814375 1.794 -0.3494072111388196 -0.38824218750000006 1.6565 1
0.47729374480465503 -0.2203265625 2.1365 -0.2884154197838737 -0.26739687500000003 2.087 0
-0.053389962593516214 -0.2710703125 1.6575 -0.5482387780548629 -0.26820937499999997 1.407 0
