-0.07751402743142144 -0.2331234375 1.8195 -0.6293360349127182 -0.23517187499999997 1.557 0
0.21047953034081462 -0.49706718749999995 1.3595 -0.2111793433083957 -0.528634375 1.217 0
0.5343905860349127 0.2758421875 2.1885 -0.26610193266832916 0.22708281249999998 2.1165 0
0.24378740648379052 -0.367528125 1.791 -0.35532418952618455 -0.3837458333333333 1.652 1
-0.07762053200332503 -0.17271041666666667 1.822 -0.6466157522859518 -0.167234375 1.529 1
0.3624059642560266 0.2893442708333333 2.0885 -0.34865908146300917 0.25852864583333335 1.9855 1
-0.06015170407315046 -0.27049791666666667 1.654 -0.5536455735660849 -0.26658906250000003 1.3985 1
-0.05594295511221945 -0.3144036458333333 1.6315 -0.543256961762261 -0.30607656250000004 1.3795 1
0.24053927680798004 -0.048228125 2.013 -0.4522552992518703 -0.0631296875 1.8365 0
0.40588892352452205 0.23534427083333334 2.1115 -0.3255740856192852 0.20425572916666665 2.0215 1
