0.5211034912718204 0.28059375000000003 2.19 -0.23833385286783043 0.29809322916666664 2.1845 0
-0.08890637988362428 -0.16877552083333333 1.8205 -0.6527150872817955 -0.16002187499999998 1.521 1
-0.13491012053200332 -0.4184713541666667 1.5275 -0.5643095386533666 -0.40665156250000006 1.2315 1
0.2239832709891937 -0.4472307291666667 1.7815 -0.3760692019950124 -0.45815937500000004 1.623 0
0.22838840399002494 -0.407659375 1.787 -0.3710302369077307 -0.42630781250000005 1.6305 1
-0.19368765586034914 -0.2694322916666667 1.445 -0.5887619492934331 -0.2557276041666667 1.1635 0
-0.06706670822942644 -0.26721354166666667 1.655 -0.5576044264339153 -0.2596921875 1.4085 0
0.3413466334164589 -0.3731333333333334 1.856 -0.27795251454696596 -0.38595260416666666 1.6615 0
-0.06619544887780549 -0.30457968750000003 1.6335 -0.5439463840399003 -0.30771875000000004 1.374 0
0.24080268079800501 -0.36491406249999997 1.7965 -0.36363154613466336 -0.37823229166666666 1.643 1
