0.2831837073981712 -0.44064166666666665 1.672 -0.2586268703241895 -0.45412135416666666 1.5085 0
0.009113674147963423 -0.4868427083333333 1.253 -0.33122921862011634 -0.47085937499999997 1.025 0
-0.032802369077306735 -0.172159375 1.857 -0.6056785120532003 -0.17134479166666666 1.597 0
0.3800103906899418 0.23121875 2.114 -0.34383572319202 0.2068171875 2.0055 1
-0.09628740648379053 -0.23280312499999997 1.817 -0.6392955112219452 -0.22969375 1.542 0
0.21712593516209477 -0.41115208333333336 1.786 -0.3788575436408978 -0.44057343750000005 1.6205 0
0.32139702826267663 -0.3663880208333333 1.7675 -0.283658042394015 -0.3843265625 1.6545 1
0.22555486284289278 -0.36440625 1.794 -0.369220178719867 -0.3769661458333333 1.6375 1
-0.0771742518703242 -0.2699255208333334 1.6505 -0.577115024937656 -0.2589453125 1.4205 0
-0.07296238570241063 -0.3044864583333334 1.633 -0.5496976309226933 -0.30045520833333333 1.367 1
