0.9155917497921862 0.0536921875 2.4545 0.013118246051537823 0.0026302083333333334 2.525 0
-0.10752649625935161 -0.17209427083333334 1.8155 -0.6617066708229427 -0.17720989583333333 1.5055 0
-0.225802680798005 -0.0525171875 1.7385 -0.7128709476309227 -0.024844791666666664 1.403 0
0.3178615960099751 -0.37659375 1.854 -0.3416064006650041 -0.45306874999999996 2.042 0
-0.10740804239401495 -0.2323546875 1.8135 -0.6451215710723193 -0.23154687499999999 1.533 0
0.32862583125519534 0.29017552083333337 2.0945 -0.39185577722360765 0.26256875 1.954 0
0.2097615336658354 -0.4075453125 1.7865 -0.38440305486284293 -0.4257515625 1.6155 1
0.3669176018287615 0.2312734375 2.1145 -0.35427836658354117 0.1996484375 2.0175 1
0.21822007481296757 -0.36460937499999996 1.795 -0.37734362011637573 -0.38167968750000003 1.6285 1
-0.08400872817955111 -0.26984375 1.65 -0.5663767664172902 -0.2645885416666667 1.373 1
