0.17038497506234415 0.05106718749999999 1.6905 0.07638040315876975 0.019588020833333334 1.7095 1
0.4419363050706566 0.14650364583333333 1.6945 0.3524496051537822 0.11167447916666667 1.7575 1
0.3145147547797174 0.3258697916666667 1.691 0.21838840399002496 0.30940312500000006 1.737 0
0.1739495012468828 0.0017614583333333334 1.691 0.11949864921030756 -0.0160921875 1.7165 0
0.2475997506234414 0.28694791666666664 1.69 0.15598347880299254 0.2534328125 1.7255 1
0.8546446384039901 0.6644062500000001 1.71 0.7383852867830424 0.63474375 1.746 0
0.05086450540315877 0.09670833333333334 1.688 -0.02988778054862843 0.06521249999999999 1.692 1
0.2582886533665835 0.16733854166666667 1.691 0.1704254987531172 0.1312859375 1.7265 1
-0.022767560266001664 0.29320677083333335 1.6855 -0.09618142144638404 0.275240625 1.683 0
0.2295521612635079 -0.5813010416666666 1.277 0.20049355777223607 -0.6083802083333333 1.295 1
