0.30982128013300086 -0.37618750000000006 1.852 -0.32442331670822944 -0.39710937500000004 1.725 1
0.35812915627597675 0.23567864583333334 2.1145 -0.36312863674147966 0.20178020833333335 1.997 1
0.20193994181213631 -0.41417604166666666 1.783 -0.3815476932668329 -0.43261093749999996 1.6035 1
0.32013196176226105 -0.604546875 1.433 -0.12623129675810474 -0.604296875 1.365 0
-0.11093152535328347 -0.23561197916666668 1.8095 -0.6516895261845387 -0.23366875 1.526 0
0.0012920822942643392 -0.48833281250000005 1.2435 -0.3254727763923524 -0.4610802083333333 1.027 0
0.30693578553615963 0.29460937500000006 2.095 -0.3849127182044888 0.263375 1.96 1
-0.21353647132169576 -0.2717630208333333 1.4575 -0.5909756857855362 -0.257328125 1.149 0
0.21023119285120534 -0.36742552083333335 1.7905 -0.3834045095594347 -0.3809765625 1.6255 1
-0.09059123025768911 -0.26902604166666666 1.645 -0.5726335203657522 -0.2635286458333333 1.3675 0
