0.34991895261845385 0.23165624999999998 2.118 -0.3703127597672486 0.20946979166666668 1.991 1
-0.07219451371571073 -0.42620833333333336 1.544 -0.5240944513715711 -0.4142359375 1.2705 1
0.33781431837073983 -0.037143229166666666 2.0975 -0.38234102244389034 -0.060084375 1.989 1
0.306496259351621 0.2811125 2.092 -0.3917555070656692 0.26657135416666666 1.9535 1
0.1944201995012469 -0.41765625 1.782 -0.39808499584372403 -0.42579687499999996 1.603 1
-0.11835411471321695 -0.23918333333333336 1.808 -0.6573036159600997 -0.2291302083333333 1.517 0
-0.09719139650872818 -0.27520937500000003 1.641 -0.5840450955943475 -0.262365625 1.423 0
0.17360660847880297 0.178234375 2.013 -0.47069617622610144 0.20441458333333334 1.834 0
0.20278938071487948 -0.37115572916666667 1.7905 -0.3887203865336658 -0.3795703125 1.6195 1
-0.09260962177888611 -0.3156598958333333 1.6205 -0.553319825436409 -0.317578125 1.355 0
