-0.006450020781379884 -0.49013385416666666 1.2415 -0.3307574812967581 -0.48413437499999995 1.017 0
-0.033120324189526186 0.197265625 1.875 -0.5940726309226932 0.20519218749999998 1.6015 1
0.18706618869492936 -0.41405989583333336 1.7825 -0.39253740648379054 -0.4300479166666667 1.594 0
-0.12572942643391521 -0.23891874999999999 1.806 -0.6605465502909393 -0.22492708333333333 1.51 0
0.19534756857855362 -0.37115572916666667 1.7905 -0.3936201163757274 -0.37781250000000005 1.612 1
0.2980860349127182 0.28574374999999996 2.094 -0.3408322942643392 0.30300312500000004 2.063 0
-0.22464567747298422 -0.2796197916666667 1.451 -0.6010052992518704 -0.24781510416666663 1.1275 1
-0.1040435369908562 -0.2718734375 1.6415 -0.5782356608478804 -0.25810625000000004 1.354 1
0.3292534289276808 -0.037160937500000005 2.0985 -0.3928584788029925 -0.055096875000000003 1.959 1
0.16967581047381547 0.1869 2.016 -0.5019300706566916 0.1726796875 1.7825 0
