-0.10568734413965088 -0.3111276041666667 1.6145 -0.5654348503740648 -0.3035203125 1.3305 1
0.8649106400665005 0.05403125 2.47 -0.028631546134663344 -0.049578125 2.505 0
-0.0880091438071488 -0.4186875 1.54 -0.5260286783042394 -0.4075520833333333 1.25 1
0.2751231296758105 -0.3634859375 1.7535 -0.33907263092269324 -0.3897515625 1.7085 0
0.2892445968412302 0.2899677083333333 2.093 -0.4014531379883624 0.2730234375 1.9415 1
0.32752441812136324 0.22697552083333333 2.1155 -0.38041874480465504 0.21233020833333335 1.979 1
0.17570656691604322 -0.4097708333333333 1.78 -0.38215970490440565 -0.4390203125 1.5785 0
-0.13301433915211971 -0.23100937500000002 1.803 -0.660109102244389 -0.22477812499999997 1.509 0
0.18397911471321696 -0.3632890625 1.7885 -0.41128169160432254 -0.3288463541666667 1.6025 0
-0.11052836658354115 -0.2676359375 1.6365 -0.579547485453034 -0.25462552083333334 1.3505 1
