0.8515752285951788 0.059320833333333337 2.476 -0.08142975893599334 -0.0026333333333333334 2.528 1
-0.23856608478802993 -0.26924583333333335 1.444 -0.5830392768079801 -0.218765625 1.077 0
-0.0938274106400665 -0.41610468749999996 1.5305 -0.5098269950124689 -0.4025713541666667 1.2115 0
-0.1476324812967581 -0.22668593750000002 1.7985 -0.6621856816292602 -0.21711510416666666 1.4995 0
0.31433551537822113 0.23579010416666665 2.1155 -0.3799381753948462 0.22029739583333333 1.9765 1
0.27612998753117207 0.29425781249999994 2.0925 -0.40083281379883623 0.2766401041666667 1.9385 1
0.1526158561928512 -0.4898723958333333 1.3475 -0.22263403990024938 -0.492515625 1.197 1
-0.11184071072319203 -0.3363609375 1.6065 -0.5609725685785536 -0.33137500000000003 1.32 1
-0.12058343724023277 -0.2639036458333333 1.6345 -0.576696799667498 -0.250196875 1.357 0
0.16859206151288444 -0.40674687499999995 1.783 -0.38544004571903573 -0.4192890625 1.5785 1
