-0.07108582709891936 -0.10593229166666666 1.849 -0.615205735660848 -0.09550625 1.554 1
-0.021824085619285123 -0.4826171875 1.2355 -0.31642923940149625 -0.48272656249999996 1.0185 1
-0.15141209476309225 -0.22674895833333333 1.799 -0.5647911471321695 -0.1994427083333333 1.285 0
-0.10293017456359102 -0.4143375 1.524 -0.5204997921862012 -0.40268020833333334 1.243 1
0.2944357855361596 -0.02405104166666667 2.099 -0.3943968204488778 -0.03446927083333333 1.9465 1
0.8374896093100582 0.059416666666666666 2.48 -0.05505299251870325 0.028909375 2.523 1
0.157299459684123 -0.40629062499999996 1.781 -0.407626246882793 -0.4184921875 1.5755 0
0.14828553615960097 -0.03140625 2.01 -0.48734102244389027 -0.046796874999999995 1.797 0
-0.24414432668329175 -0.2657765625 1.4415 -0.5953215918536992 -0.24220052083333335 1.1125 1
-0.12741583541147133 -0.260578125 1.635 -0.5495765793848711 -0.22686197916666667 1.2445 0
