0.818027327514547 0.05950052083333333 2.4835 -0.023327618453865336 -0.0389765625 2.4945 0
0.27873181629260185 -0.5962140625 1.4345 -0.1440149625935162 -0.6146250000000001 1.32 1
0.34652587281795516 -0.43462968750000003 1.4955 -0.09570344970906068 -0.45904895833333337 1.417 1
-0.17282886533665837 -0.1620828125 1.7885 -0.6628288653366583 -0.14314322916666666 1.4465 1
-0.2518142144638404 -0.26439375 1.434 -0.5768542186201164 -0.21782864583333336 1.0615 0
-0.1621306109725686 -0.22231927083333333 1.7935 -0.666014650872818 -0.20721093750000003 1.4735 1
0.14603179551122195 -0.398421875 1.779 -0.3967835619285121 -0.41428072916666664 1.5845 1
0.2925613050706567 0.24477812499999999 2.117 -0.3746898379052369 0.22373385416666663 1.9705 1
-0.1370199501246883 -0.2594625 1.628 -0.5703221113881962 -0.2502270833333334 1.342 1
-0.12777327514546966 -0.3376989583333333 1.597 -0.5535925810473815 -0.32476406249999995 1.3155 1
