0.8046446384039901 0.05965625 2.49 -0.07608582709891937 -0.0026302083333333334 2.525 1
0.2682637157107232 -0.02405104166666667 2.099 -0.3928771820448878 -0.04645520833333334 1.939 1
0.23278054862842892 -0.35831250000000003 1.764 -0.3402976932668329 -0.3901338541666667 1.6795 0
-0.14378636741479633 -0.2594625 1.628 -0.5701215710723192 -0.257265625 1.335 1
0.13875467581047382 -0.4024671875 1.7805 -0.39590710723192024 -0.419953125 1.581 1
0.27942903158769744 0.24483593750000002 2.1175 -0.35598347880299247 0.25252447916666665 2.0035 0
0.1507808603491272 -0.3564338541666667 1.7915 -0.3891027639235245 -0.37347656249999994 1.5935 1
-0.2576844347464672 -0.2613151041666667 1.4335 -0.5876792394014962 -0.2629921875 1.1025 1
0.24139962593516212 0.29868854166666664 2.093 -0.4068859102244389 0.27930312500000004 1.929 1
0.12297797173732335 -0.03970208333333333 2.006 -0.4854426433915212 -0.046614583333333334 1.79 1
