0.2641942019950125 -0.6000380208333334 1.4365 -0.15771456774729845 -0.6125057291666667 1.2755 0
-0.12497662094763093 -0.4139296875 1.5225 -0.5142186201163758 -0.41572916666666665 1.228 1
0.26616479634247714 0.23595729166666668 2.117 -0.3812281795511222 0.20641875 1.962 1
-0.18031275976724853 -0.22548854166666665 1.789 -0.6531359102244388 -0.23063958333333331 1.486 0
0.22829644638403987 0.29425781249999994 2.0925 -0.38061097256857856 0.2825625 1.98 0
-0.14810214048212803 -0.30194947916666665 1.6015 -0.5470833333333334 -0.340559375 1.313 0
-0.15341593931837075 -0.26196614583333333 1.6225 -0.5696773690773067 -0.26411718749999996 1.3275 1
0.1275109102244389 -0.4020151041666667 1.7785 -0.39729894014962597 -0.42779531249999997 1.5735 1
0.2330985037406484 -0.36886875 1.854 -0.30633104738154615 -0.387646875 1.611 0
0.13937811720698254 -0.3595630208333333 1.7885 -0.39069046134663343 -0.3817515625 1.5865 1
