0.28868973399833747 -0.43011979166666664 1.535 -0.14021976309226936 -0.4631421875 1.4205 1
-0.13358530756442227 -0.4143619791666666 1.5125 -0.5102753532834581 -0.4187760416666667 1.237 1
0.21494233167082294 0.29383593750000003 2.0895 -0.4165232751454696 0.26971875 1.918 1
0.1161611596009975 -0.3974140625 1.7745 -0.3991687448046551 -0.4295666666666667 1.568 1
0.2575945552784705 -0.5985760416666667 1.433 -0.159799459684123 -0.6209364583333332 1.271 0
-0.26834995843724024 -0.26320416666666663 1.396 -0.5900768911055694 -0.25773958333333336 1.09 0
-0.15976465087281796 -0.2613203125 1.6185 -0.5645277431421446 -0.28091406249999995 1.3155 0
0.3734569825436409 0.28251562500000005 2.205 -0.3166978387364921 0.2518020833333333 2.102 1
0.7704286159600998 0.059811979166666675 2.4965 -0.09150041562759768 -0.018345833333333336 2.516 1
0.09769690357439735 -0.0312578125 2.0005 -0.49313435162094765 -0.0648046875 1.7775 1
