0.3114604114713217 0.0052921875 1.6935 0.21086502493765585 -0.030715104166666667 1.7345 1
-0.5550135078969244 0.2860989583333334 1.685 -0.6263746882793018 0.21486562499999998 1.599 0
0.7189915835411471 -0.24026302083333334 1.5275 0.6385182876142976 -0.28015625 1.63 1
-0.7375077930174564 0.08052343749999999 1.4055 -0.9007808603491273 0.0548640625 1.4235 0
0.17043536990856195 0.0017614583333333334 1.691 0.08002649625935163 -0.033873437500000006 1.7115 1
-0.1380210931005819 -0.5155057291666666 1.1755 -0.1762764962593516 -0.5278109375 1.1235 0
0.333532315045719 -0.5810088541666667 1.2205 0.3057917705735661 -0.6117854166666666 1.274 1
0.05086450540315877 0.09670833333333334 1.688 -0.022882377389858686 0.04411458333333333 1.694 0
0.5232372194513716 0.3232046875 1.6955 0.4302171654197839 0.27950729166666666 1.777 1
0.5307533250207814 0.100759375 1.697 0.437356608478803 0.06845 1.776 0
