0.18110193266832916 -0.3097109375 2.0505 -0.40692799251870326 -0.31073281250000007 1.6665 0
-0.2786689526184539 -0.264584375 1.419 -0.5910614089775561 -0.2562026041666666 1.0835 1
0.3598732335827099 0.2780479166666667 2.206 -0.3223379052369077 0.23639374999999999 2.082 1
-0.14386585619285122 -0.4168276041666667 1.5215 -0.5199620739817123 -0.4167546875 1.2235 1
0.24874740232751455 -0.6017713541666667 1.4335 -0.14180953865336657 -0.7261067708333333 1.4675 0
-0.20154353699085623 -0.2279984375 1.7795 -0.6604779717373234 -0.20032083333333334 1.468 0
0.7569809850374064 0.054764062499999995 2.5035 -0.10167394014962594 -0.018294791666666664 2.509 1
-0.1695402119700748 -0.2642015625 1.6155 -0.5641427680798005 -0.2738322916666666 1.321 0
0.11861492103075645 -0.49103437499999997 1.343 -0.23558603491271818 -0.489975 1.128 0
0.10890845802161264 -0.40526406249999997 1.7765 -0.4015289900249377 -0.4286078125 1.5645 1
