0.23732699501246884 -0.6060234375 1.4365 -0.1486112842892768 -0.6133796875 1.2885 1
-0.21947734829592686 -0.227421875 1.775 -0.662172693266833 -0.23348437500000002 1.465 1
-0.28995272236076475 -0.26706927083333337 1.4165 -0.5730979842061514 -0.2453171875 1.0195 0
-0.18291251039068995 -0.26411979166666666 1.615 -0.5751200124688279 -0.2657890625 1.3085 1
0.11949812967581047 -0.494690625 1.353 -0.20791354945968413 -0.5167666666666667 1.184 1
0.09411471321695762 -0.40885 1.776 -0.39780756442227766 -0.43432291666666667 1.55 1
0.19634455527847047 -0.3660770833333334 1.766 -0.34603751039069 -0.39919947916666665 1.6735 0
0.10195344970906069 -0.36609166666666665 1.784 -0.40255559019118875 -0.38068802083333336 1.5685 1
0.07280756442227763 -0.047964583333333324 2.002 -0.4899823358270989 -0.013073958333333333 1.793 0
0.28437759767248544 -0.21774479166666663 2.155 -0.3740326267664173 -0.27022812500000004 2.011 0
