0.17160172485453035 0.2852661458333333 2.0905 -0.41673160847880303 0.30071614583333334 1.9375 0
-0.24508000831255197 -0.41660937500000006 1.465 -0.5717295303408148 -0.4100744791666667 1.1345 1
-0.2997038653366584 -0.26820937499999997 1.407 -0.5920376142975893 -0.257228125 1.069 1
0.3286741479634248 0.27419583333333336 2.212 -0.3380133000831256 0.239575 2.072 1
0.18892923940149628 -0.5036026041666667 1.4095 -0.159799459684123 -0.5309072916666666 1.271 1
0.18301122194513716 -0.37659375 1.854 -0.3775716957605985 -0.39197395833333337 1.615 0
0.7122849127182046 0.044465625 2.511 -0.14092892768079804 -0.012843750000000003 2.466 0
0.05605361596009975 -0.04786875 1.998 -0.5094996882793018 -0.05675260416666667 1.7575 1
0.20897236076475478 0.22713645833333332 2.117 -0.40548784289276807 0.20426197916666666 1.9415 1
-0.19524314214463842 -0.26599375000000003 1.606 -0.5776745635910225 -0.26446875000000003 1.302 0
