-0.1787016832917706 -0.41905156250000003 1.4955 -0.5215030133000832 -0.4127421875 1.1485 0
0.7310385494596842 -0.5211848958333334 1.5395 0.37227763923524526 -0.7795416666666667 2.12 0
0.6809756857855361 -0.049696875 2.511 -0.1414718412302577 -0.1160390625 2.4755 0
0.2709865960099751 -0.40357031250000003 1.5075 -0.11724127182044888 -0.430959375 1.393 1
0.5475 -0.01253125 2.406 -0.20189422277639238 -0.06584062500000001 2.341 1
-0.24398534912718203 -0.2335609375 1.7655 -0.6674459684123026 -0.23713541666666668 1.45 0
0.06064058603491272 -0.41449218749999994 1.7685 -0.4128449709060682 -0.42998125000000004 1.546 1
0.6683567123857024 -0.4578953125 2.4835 -0.15490856192851207 -0.5066208333333333 2.444 1
-0.21127078137988362 -0.265165625 1.601 -0.5527649625935163 -0.24990937500000002 1.159 0
0.6889266417290109 0.039390625 2.521 -0.127362323358271 -0.018240104166666667 2.5015 1
