0.35510130922693267 -0.6225744791666667 1.5605 -0.059306421446384046 -0.6509526041666667 1.4635 1
0.11233530756442228 -0.4975067708333334 1.3685 -0.1931863050706567 -0.5060390625 1.1995 1
0.13247090606816292 0.2851979166666666 2.09 -0.4496004779717373 0.26571093749999997 1.8895 1
-0.25836814214463844 -0.22962239583333333 1.7635 -0.6720537198669991 -0.23858281249999996 1.4405 0
0.14074345386533665 -0.3421078125 1.8555 -0.36460203657522866 -0.36204895833333334 1.663 1
-0.22415835411471324 -0.26466875 1.598 -0.5843921446384039 -0.266784375 1.287 1
0.045991791354945966 -0.41127239583333336 1.7705 -0.41961398586866167 -0.43345885416666674 1.5355 1
-0.21758987946799668 -0.30997968750000005 1.5745 -0.5632548836242727 -0.3319213541666667 1.2695 0
-0.3201761221945137 -0.2639140625 1.3695 -0.5955283665835412 -0.2561786458333334 1.0555 1
0.16957761845386532 0.2318203125 2.1195 -0.41345074812967586 0.204209375 1.941 1
