0.5106639650872817 0.083221875 2.421 -0.2353943266832918 0.0121640625 2.3355 1
0.6441942019950124 0.03953906249999999 2.5305 -0.157792497921862 -0.02852552083333333 2.4895 1
0.15170822942643394 0.22702916666666667 2.116 -0.4240154821280133 0.18508072916666665 1.9525 0
0.704494492934331 -0.5220151041666667 1.5515 0.2712432460515378 -0.5788755208333334 1.6015 1
0.027517144638403993 -0.4101109375 1.7655 -0.42667134247714045 -0.4340984375 1.5265 1
-0.27225322111388195 -0.2253078125 1.7585 -0.6905288861180383 -0.232703125 1.405 0
-0.23640170407315048 -0.263509375 1.591 -0.5878127597672486 -0.27003229166666665 1.277 0
0.2642586242726517 0.27413385416666664 2.2115 -0.3650451995012469 0.22899114583333333 2.0545 1
0.12889702826267666 -0.37608593749999997 1.8515 -0.3679395261845387 -0.406603125 1.647 1
0.03877493765586035 -0.3646552083333333 1.777 -0.4215269118869493 -0.37759114583333336 1.5425 1
