-0.3410692019950125 -0.26113020833333334 1.385 -0.6001750831255195 -0.2578609375 1.0445 0
-0.28249168744804654 -0.22473125 1.754 -0.6857922901080632 -0.2450078125 1.4255 0
-0.2954629052369077 -0.1617296875 1.7445 -0.7060931005818787 -0.17444166666666666 1.384 1
0.11798784289276808 -0.33545781249999995 1.8615 -0.44296446384039906 -0.423978125 1.929 0
0.10628376974231088 0.28485677083333333 2.0875 -0.4653844555278471 0.24791458333333335 1.874 1
-0.24316708229426434 -0.26035833333333336 1.592 -0.5876922277639235 -0.28465104166666666 1.271 0
0.020184954280964257 -0.4102270833333333 1.766 -0.4373456982543641 -0.4384390625 1.5195 1
0.6292871986699917 0.03959375 2.534 -0.1568100581878637 -0.04896458333333333 2.474 1
0.1429810889443059 0.23154687499999999 2.117 -0.4468905860349127 0.18915885416666667 1.9115 1
-0.010338736492103075 -0.03523958333333333 1.99 -0.5432528054862843 -0.07728802083333333 1.7255 1
