-0.3125109102244389 -0.1611734375 1.7385 -0.7147475062344141 -0.175915625 1.373 1
0.19362011637572735 -0.43793750000000004 1.54 -0.16074085619285122 -0.4691677083333333 1.369 0
0.6780886325852038 -0.5791953125 1.5575 0.3006483790523691 -0.825 2.112 0
0.00550498753117207 -0.4102270833333333 1.766 -0.46366635494596836 -0.4092317708333333 1.4825 0
0.0803319825436409 0.29383593750000003 2.0895 -0.4715326267664173 0.24518229166666666 1.883 1
-0.35143651288445554 -0.26315781250000003 1.3805 -0.6093781172069825 -0.2612057291666667 1.0235 1
-0.25575644222776395 -0.2597041666666667 1.588 -0.603526080631754 -0.27572864583333334 1.2545 1
-0.2933432044887781 -0.2246671875 1.7535 -0.6990393807148795 -0.24432447916666666 1.4045 0
0.1364947007481297 -0.5017317708333333 1.4125 -0.18863778054862845 -0.5313072916666667 1.235 1
0.012910432252701578 -0.3642447916666666 1.775 -0.4439531379883624 -0.39437968749999996 1.5205 1
