0.6674298628428929 -0.5316796875 1.5705 0.3043152535328346 -0.7879302083333335 2.107 0
0.08321643807148796 -0.3356380208333334 1.8625 -0.46114089775561096 -0.38558125000000004 1.938 0
-0.3623862219451372 -0.2599046875 1.3785 -0.6139552161263508 -0.2565421875 1.0135 1
0.5845339775561098 0.0344703125 2.5455 -0.2232403366583541 -0.03344114583333333 2.4695 1
-0.012830423940149627 -0.41343749999999996 1.764 -0.45963476724854535 -0.4389161458333334 1.4995 1
-0.2684486699916875 -0.262515625 1.585 -0.6114006650041564 -0.2708291666666666 1.244 1
-0.31067487531172067 -0.2240265625 1.7485 -0.705275872817955 -0.24053906249999998 1.3995 0
0.06302317123857024 0.2941171875 2.0915 -0.5168391521197008 0.21826041666666668 1.822 0
-0.32952930174563594 -0.16427395833333333 1.733 -0.7253558811305071 -0.17084947916666668 1.3555 1
-0.043411783042394014 -0.0435203125 1.9895 -0.568520885286783 -0.07634739583333333 1.7045 1
