0.6476413133832087 -0.5903854166666667 1.57 0.21931733167082296 -0.633146875 1.587 1
0.2047895885286783 -0.45605156249999995 1.5045 -0.1502602867830424 -0.47443281249999997 1.3515 1
0.16487063591022444 -0.44770781249999997 1.5405 -0.19635130922693267 -0.45394218750000004 1.2855 0
0.65276963840399 -0.5363140625 1.5745 0.22380766832917703 -0.5767067708333333 1.5955 1
-0.031071280133000832 -0.41959479166666663 1.759 -0.47306837073981717 -0.42790729166666674 1.483 1
-0.3274324605153783 -0.23031979166666666 1.741 -0.7125550706566917 -0.23618020833333334 1.391 0
0.5302805486284289 -0.46875625 2.514 -0.18535692019950123 -0.4583567708333333 2.3785 0
0.054291354945968415 0.27648958333333334 2.09 -0.5154156275976725 0.2669958333333334 1.844 1
-0.28347984206151283 -0.2677614583333333 1.577 -0.5931982543640898 -0.23521874999999998 1.158 0
0.5595095594347465 0.018608333333333334 2.552 -0.24292913549459683 -0.023071875 2.461 1
