-0.6689458645054032 0.08096302083333333 1.4665 -0.7212063591022444 0.057784375 1.353 1
-0.18255247298420615 -0.41086093749999997 1.1635 -0.19676278054862845 -0.43302656250000005 1.1205 1
0.17735868661679136 0.22709374999999998 1.69 0.0658187863674148 0.16228333333333333 1.712 0
-0.6654442019950124 -0.5236109375 1.4655 -0.8411362219451372 -0.6113880208333333 1.5245 0
-0.5885728387364921 -0.5650026041666667 1.5025 -0.6571591853699085 -0.5893020833333332 1.39 1
0.25844139650872816 0.1639125 1.692 0.15625467581047384 0.12063489583333334 1.7285 1
-0.18997402327514545 -0.250259375 1.511 -0.2579603075644223 -0.280028125 1.469 1
0.16692123857024108 0.0017614583333333334 1.691 0.06213372817955112 -0.0409328125 1.7085 1
0.8525841645885287 0.665571875 1.713 0.7427961346633416 0.6195968749999999 1.819 0
0.050879571903574394 0.09321927083333333 1.6885 -0.04741271820448877 0.054572916666666665 1.69 1
