-0.13921134663341647 -0.4136489583333333 1.207 -0.33164588528678307 -0.41827500000000006 0.936 1
-0.26388611803823775 -0.4235791666666666 1.468 -0.5590175602660017 -0.4159421875 1.1185 1
0.18485556940980882 -0.5372656250000001 1.495 -0.14560629675810477 -0.5399484375 1.3605 0
0.06937707813798837 -0.45631927083333335 1.6285 -0.2913497506234414 -0.46354687499999997 1.395 0
-0.2548784289276808 0.198734375 1.817 -0.674810889443059 0.19699375 1.466 1
-0.04568007065669161 -0.4231390625 1.7585 -0.4789089775561097 -0.43379375000000003 1.482 1
-0.3412172693266833 -0.2370963541666667 1.7375 -0.7104613466334164 -0.2559375 1.404 0
-0.3864947007481297 -0.2710807291666667 1.3625 -0.6221726932668329 -0.251353125 0.993 1
-0.29910536159601 -0.270359375 1.573 -0.6874542809642561 -0.27259375 1.342 0
0.534036783042394 0.013317708333333334 2.557 -0.2629047173732336 -0.0230296875 2.4565 1
