-0.27828397755610973 -0.4253296875 1.4635 -0.5560188071487948 -0.41139322916666665 1.1125 1
-0.06375207813798836 -0.4254677083333333 1.753 -0.49030548628428927 -0.42721875 1.47 1
0.48700903990024935 -0.30877031250000003 2.5335 -0.3021228179551122 -0.332915625 2.403 1
0.48652847049044057 -0.3611947916666667 2.531 -0.3021228179551122 -0.38798437500000005 2.403 1
-0.3111886949293433 -0.27276666666666666 1.568 -0.6324968827930175 -0.259453125 1.215 0
0.050665004156275985 0.20979166666666668 2.12 -0.5165773067331672 0.20753541666666667 1.862 1
0.2589697630922693 -0.6416953124999999 1.5675 -0.1258572319201995 -0.642734375 1.425 1
-0.3576168952618454 -0.23960781250000002 1.7295 -0.7304395261845387 -0.217546875 1.365 0
0.5085593308395677 0.0080078125 2.5625 -0.2409549044056525 0.017798958333333333 2.441 0
0.015190669160432251 0.2632380208333333 2.0885 -0.532568578553616 0.2641 1.824 1
