0.12620791770573567 -0.45964843750000006 1.5375 -0.22898586866167914 -0.4464416666666667 1.352 1
0.002170615128844555 0.25894895833333337 2.089 -0.5445776184538653 0.27769218749999997 1.8135 1
-0.2882917705735661 -0.42969583333333333 1.468 -0.5783873649210308 -0.4025 1.12 1
-0.07461710307564422 -0.4324015625 1.7515 -0.48155652535328347 -0.4441395833333333 1.426 0
0.03299563591022444 0.20067395833333332 2.117 -0.5291978387364922 0.22185416666666669 1.852 1
0.4879239401496259 -0.0026729166666666663 2.566 -0.3021986699916875 0.002545833333333333 2.444 1
-0.1130974646716542 -0.07215104166666667 1.979 -0.6139832709891937 -0.03987864583333334 1.6645 1
-0.37059538653366586 -0.24229687500000002 1.723 -0.7377104114713217 -0.2191796875 1.3575 0
-0.3230855153782211 -0.2750651041666667 1.5625 -0.63875 -0.24937187500000002 1.203 1
-0.3142092684954281 -0.330984375 1.535 -0.5864245635910225 -0.26315104166666664 1.075 0
