0.6000966334164589 -0.5551927083333333 1.591 0.1773883000831255 -0.5600869791666666 1.5955 1
-0.3320812551953449 -0.2744489583333333 1.559 -0.63125 -0.26691562500000005 1.203 0
0.43213061097256866 -0.49097239583333335 2.5205 -0.3487640274314215 -0.4884984375 2.3805 1
-0.38089463840399007 -0.23843020833333334 1.721 -0.6308052784704904 -0.19339270833333336 1.139 0
0.46695760598503744 -0.002675 2.568 -0.3259180174563592 0.007598437500000001 2.4315 1
0.01981140897755611 0.2052296875 2.1185 -0.5444435785536159 0.20491614583333334 1.8385 1
-0.12967892768079803 0.16301979166666666 1.981 -0.623859102244389 0.19124375 1.654 1
0.6953023690773067 -0.5816468750000001 1.497 0.30360972568578554 -0.5781395833333334 1.546 1
-0.010853075644222778 0.25894895833333337 2.089 -0.547701059850374 0.2986171875 1.8495 0
0.06574189526184539 -0.5228562499999999 1.406 -0.23626922277639234 -0.4997619791666666 1.1905 1
