0.42474958437240234 -0.37291562500000003 2.539 -0.38836398586866167 -0.33613385416666663 2.3215 0
0.43830268079800505 -0.1837484375 2.5565 -0.35712853283458024 -0.18276614583333334 2.4035 1
-0.3939375519534497 -0.23766822916666666 1.7155 -0.7567856400665004 -0.21775572916666663 1.3315 0
-0.09995324189526185 -0.42814062500000005 1.749 -0.53174823358271 -0.38161822916666666 1.4255 0
-0.02387105153782211 0.2632380208333333 2.0885 -0.5722755610972569 0.27844375 1.794 1
-0.1415274314214464 -0.059631250000000004 1.974 -0.6398067331670824 -0.02565625 1.642 1
0.6822449085619285 -0.5743932291666667 1.5025 0.29028834164588535 -0.5804203125 1.5435 1
0.5835650457190357 -0.611540625 1.591 0.16283977556109724 -0.618359375 1.583 1
0.44561097256857857 0.002675 2.568 -0.27204696591853705 -0.017514583333333333 2.402 0
0.43890274314214467 -0.08266666666666667 2.56 -0.3496664588528678 -0.07817812499999999 2.421 1
