-0.11429551122194515 -0.42740625 1.746 -0.5293277223607648 -0.42003645833333336 1.435 1
0.6777249584372403 -0.42483593750000004 1.5275 0.2881951371571072 -0.455409375 1.567 0
-0.4039250831255195 -0.23368489583333332 1.7125 -0.7678927680798004 -0.20301249999999998 1.308 0
0.5719529301745636 -0.6132703125 1.5955 0.14935006234413964 -0.6268640624999999 1.5795 1
0.12173264754779718 -0.4199973958333334 1.5215 -0.22836658354114714 -0.40098750000000005 1.332 1
-0.024996363258520365 -0.3527515625 1.8505 -0.5553428927680798 -0.41804375 1.902 0
-0.02103647132169576 -0.3968578125 1.8405 -0.5699838944305902 -0.46681197916666667 1.8595 0
-0.10409133416458854 -0.38262239583333335 1.7575 -0.5237089567747298 -0.3737161458333333 1.4525 1
0.43093931837073984 0.0026833333333333336 2.576 -0.36498597256857856 -0.012617187499999998 2.4225 1
0.672206982543641 -0.5733541666666666 1.508 0.2799381753948462 -0.5885380208333334 1.5395 1
