-0.12190045719035744 -0.38120729166666667 1.751 -0.535091957605985 -0.37715364583333333 1.4425 1
0.40629104322527015 0.33177968750000003 2.5895 -0.3650036367414797 0.30450364583333334 2.4565 1
-0.040105985037406484 -0.39248958333333334 1.838 -0.49750155860349127 -0.3922171875 1.5495 1
0.5017347256857856 -0.7667286458333333 1.8085 0.020344970906068165 -0.7880208333333333 1.78 0
0.37874792186201167 -0.31596979166666667 2.549 -0.40241895261845384 -0.324225 2.376 1
0.2770303408146301 -0.03312291666666667 2.446 -0.4338580631753949 -0.058776041666666674 2.257 0
0.6540539276807981 -0.6305307291666667 1.5095 0.28010286783042393 -0.6361697916666667 1.523 1
0.39209164588528683 -0.07754479166666668 2.567 -0.39201059850374065 -0.097621875 2.403 1
0.6595854114713217 -0.579171875 1.515 0.266880714879468 -0.59116875 1.538 1
0.39881961762261015 0.0026833333333333336 2.576 -0.38830527847049046 -0.017580208333333333 2.411 1
