-0.4322630922693267 -0.23524375 1.698 -0.6456146093100582 -0.2105973958333333 1.0585 0
0.15743453865336657 0.182109375 2.331 -0.5121700955943475 0.1638671875 2.0975 1
0.2507917705735661 -0.12443958333333334 2.438 -0.47341282211138824 -0.12733072916666668 2.2225 1
0.5512390897755611 -0.5559765625 1.6125 0.1266931629260183 -0.5723692708333332 1.5835 1
0.9275451995012469 -0.3784109375 1.8255 0.41963216957605987 -0.40871875 1.914 0
0.05777223607647549 0.24325000000000002 2.224 -0.547402327514547 0.25057083333333335 1.988 0
0.3773332294264339 -0.0026828125 2.5755 -0.4116427680798005 -0.017507291666666664 2.401 1
0.6432060473815462 -0.6322015625 1.5135 0.2404483582709892 -0.6305598958333333 1.5325 0
0.6489136533665836 -0.5777265625000001 1.5195 0.2751210515378221 -0.5850973958333333 1.5305 0
0.5456795511221946 -0.6106145833333334 1.606 0.12597308811305072 -0.6150390625 1.5745 1
