0.5385021820448878 -0.5600296875 1.6145 0.14514287198669992 -0.5574994791666666 1.5695 0
0.05899470074812967 -0.4587515625 1.5345 -0.2880860349127182 -0.44758125 1.314 1
0.5441993973399833 -0.5119869791666667 1.6115 0.12041510806317539 -0.5208984375 1.5875 1
0.376530548628429 0.31229687500000003 2.607 -0.41897495843724025 0.32444843749999996 2.4145 1
0.23057304655029093 -0.12446510416666666 2.4385 -0.5009471113881963 -0.15225052083333335 2.1815 0
0.6325 -0.63091875 1.518 0.25000259767248545 -0.6018255208333333 1.5325 0
0.47453709476309225 -0.7713921874999999 1.8195 -0.030567851205320032 -0.7733171875 1.7305 1
0.35640793848711555 -0.0026864583333333337 2.579 -0.43052265170407317 -0.002494791666666667 2.395 1
0.5333239817123857 -0.6151072916666667 1.609 0.12838320864505404 -0.6337458333333335 1.564 0
0.6377483374896094 -0.5822302083333333 1.523 0.24154665419783874 -0.5853307291666667 1.5395 1
