0.16818838320864504 -0.6433328125 1.5715 -0.22898067331670824 -0.728715625 1.479 0
-0.16400613050706567 -0.4282046875 1.7345 -0.5557559226932669 -0.3971296875 1.3965 1
-0.4511653158769742 -0.2375859375 1.6895 -0.7936242726517041 -0.21869166666666667 1.288 0
-0.39507793017456355 -0.27199687499999997 1.527 -0.6871804862842894 -0.23905364583333333 1.1305 1
0.6285162094763093 -0.6364041666666667 1.516 0.23384975062344138 -0.6395114583333332 1.531 1
0.006868765586034913 -0.20887343749999998 2.2035 -0.5928200332502078 -0.19944375 1.934 0
0.5292549875311721 -0.560896875 1.617 0.10362531172069826 -0.5622947916666666 1.583 1
0.9038310473815462 -0.381209375 1.839 0.3926080631753949 -0.40158124999999995 1.918 1
0.5239432668329177 -0.615871875 1.611 0.09673940149625936 -0.62298125 1.578 1
0.6269352660016626 -0.5775859375000001 1.5275 0.232551433915212 -0.5900671875000001 1.5435 1
