-0.2546238570241064 -0.08626041666666667 1.69 -0.3550654613466334 -0.124328125 1.635 1
-0.5546841230257689 0.2824208333333333 1.684 -0.6449631130507065 0.2530078125 1.5875 1
-0.05664952202826268 -0.3269328125 1.4735 -0.14416147132169574 -0.36060312499999997 1.347 0
0.9666614713216959 0.378740625 1.707 0.8530029093931838 0.3175104166666667 1.87 1
-0.6652171654197839 -0.5234322916666667 1.465 -0.7299366167913549 -0.5401427083333333 1.333 1
0.11056421446384042 0.135471875 1.689 0.040794887780548635 0.07290312500000001 1.707 0
-0.026270261845386535 0.2370234375 1.6855 -0.1606530548628429 0.23032552083333335 1.6625 0
0.9100727348295926 0.012497916666666666 1.714 0.7896113881961763 -0.04064375 1.858 1
-0.6684897132169576 0.07785468749999999 1.4655 -0.723606608478803 0.057528125 1.347 1
0.08950436408977558 0.100284375 1.689 -0.012343100581878638 0.054798958333333335 1.697 1
