0.158239817123857 -0.6492604166666668 1.57 -0.21915056109725686 -0.6303765625000001 1.3785 1
-0.08954904405652535 0.19487291666666665 2.102 -0.6359413965087282 0.22359791666666667 1.774 1
-0.40314058603491276 -0.27418697916666673 1.5215 -0.6921264546965918 -0.2390598958333333 1.1195 1
-0.11832657938487115 0.2609692708333333 2.0705 -0.646640170407315 0.2834994791666666 1.7335 1
-0.08922381546134664 -0.401559375 1.827 -0.5490757481296759 -0.34657864583333337 1.5055 0
-0.17431577306733168 -0.4305734375 1.7295 -0.5800000000000001 -0.40455 1.392 1
-0.46005870739817123 -0.24024947916666667 1.6835 -0.8026979426433914 -0.2100953125 1.2685 0
0.621399106400665 -0.5815286458333334 1.5295 0.1936829800498753 -0.6017578125 1.5405 0
-0.1679971945137157 -0.3857296875 1.7385 -0.5717321280133001 -0.3758197916666666 1.393 0
0.324879467996675 -0.002691666666666667 2.584 -0.45855933083956774 0.0223640625 2.3855 1
