0.030225477971737323 -0.4608947916666667 1.531 -0.3031094139650873 -0.42541406249999997 1.2965 0
-0.10481088944305902 -0.3572479166666667 1.834 -0.559759455527847 -0.3303723958333334 1.5175 1
0.8794638403990026 -0.3882375 1.836 0.36119129260182875 -0.4061057291666667 1.9205 0
-0.18781951371571073 -0.4321682291666667 1.7215 -0.5782865752285952 -0.3869677083333333 1.381 1
0.30293017456359106 -0.0134375 2.58 -0.48605205735660845 0.0024734375 2.3745 1
0.5103522443890275 -0.5656614583333333 1.621 0.08019014962593517 -0.5725781249999999 1.575 0
-0.0023046550290939318 0.23797291666666667 2.218 -0.6072054239401496 0.2597484375 1.9035 1
0.6146119077306733 -0.4317890625 1.5525 0.20997350374064838 -0.43568281249999996 1.5665 1
0.5051070241064007 -0.6174010416666668 1.615 0.07341022443890276 -0.6230937500000001 1.57 1
0.6130636949293433 -0.5890546874999999 1.5325 0.22437811720698256 -0.5727171875 1.5315 0
