-0.18901963840399003 -0.3880078125 1.7325 -0.5887551953449709 -0.35003541666666665 1.406 0
0.868726620947631 -0.3923828125 1.8375 0.34939993765586036 -0.4063171875 1.9215 0
0.15338736492103078 -0.28989583333333335 2.42 -0.5674360972568578 -0.2765578125 2.1585 1
0.6030631753948462 -0.4327625 1.556 0.19892923940149626 -0.4458723958333334 1.5565 1
0.5008634663341646 -0.562978125 1.623 0.06709788029925187 -0.5725781249999999 1.575 1
0.43093204488778053 -0.7783781249999999 1.827 -0.08477971737323359 -0.775775 1.736 1
0.28734569825436407 -0.008076562499999999 2.5845 -0.4655922693266833 -0.08553125 2.346 0
0.49519170822942643 -0.6209578125 1.6155 0.06343983790523691 -0.6278307291666666 1.5655 1
0.6014998960931006 -0.5838098958333333 1.5355 0.2081244804655029 -0.6004510416666666 1.529 0
0.13831047381546135 -0.64760625 1.566 -0.2672630922693267 -0.7446187500000001 1.578 0
