0.014256546134663341 -0.46529010416666666 1.5245 -0.32674303823773904 -0.44254010416666667 1.2835 1
0.8556447423108894 -0.3951588541666667 1.8505 0.3373327098919368 -0.40621145833333333 1.921 0
0.5945064422277639 -0.4368447916666666 1.559 0.18910380299251872 -0.44234531250000003 1.5555 1
0.27123285536159597 -0.0188453125 2.5845 -0.5209912718204489 -0.012260416666666666 2.354 1
-0.03442175810473815 0.23235260416666664 2.2085 -0.6271280133000832 0.2660625 1.892 1
0.4857205943474647 -0.6250963541666666 1.6175 0.053611284289276806 -0.6302859375 1.5635 1
0.5921197007481297 -0.5936 1.536 0.16145937240232752 -0.5881557291666667 1.5385 0
-0.12846477556109726 0.1986359375 2.0955 -0.6667700540315876 0.23131197916666665 1.7485 1
0.5873940149625935 -0.6367375000000001 1.532 0.20084580216126352 -0.63258125 1.522 0
0.1318859102244389 -0.6512843749999999 1.567 -0.24546082709891937 -0.6301213541666666 1.3655 1
