0.00474283042394015 -0.47071406250000003 1.5215 -0.32787042809642564 -0.44047135416666666 1.2775 1
0.12936824605153782 -0.5335416666666667 1.576 -0.24510130922693266 -0.48148593749999996 1.3635 1
0.27443370739817124 0.29146354166666666 2.615 -0.5151163757273483 0.3335625 2.372 1
0.13964307980049873 -0.07381406249999999 2.4435 -0.5762936408977556 -0.03851562499999999 2.175 1
0.4075929966749792 -0.7887161458333334 1.8245 -0.1048010182876143 -0.7710557291666666 1.7095 1
-0.27545199501246886 -0.07860937500000001 1.935 -0.739592684954281 -0.036991666666666666 1.544 1
0.583491791354946 -0.5945661458333333 1.5385 0.18360089359933499 -0.5937932291666667 1.5365 1
0.47315097672485457 -0.6296317708333333 1.6205 0.047052680798004995 -0.6294796875 1.5615 0
0.25521872402327517 -0.024239062500000002 2.5855 -0.5302114505403159 0.0024494791666666666 2.3515 1
0.11840502909393184 -0.6552947916666666 1.561 -0.25305018703241894 -0.5900578124999999 1.3455 0
