1.1521041147132172 0.400953125 1.915 0.6057465710723192 0.3939578125 2.0895 1
0.46799875311720696 -0.5843437499999999 1.626 0.04720334580216126 -0.5727515625 1.5665 1
0.8323462177888613 -0.41432291666666665 1.85 0.3211133624272651 -0.40989322916666665 1.9195 0
0.13462022028262677 -0.07893697916666667 2.4445 -0.5810806317539485 0.034 2.176 0
0.24011689526184538 0.2948109375 2.5965 -0.5289713216957606 0.34945625 2.346 1
0.23331982543640897 -0.03495104166666666 2.581 -0.5387219451371571 0.00244375 2.346 1
0.39188902743142146 -0.7952270833333334 1.822 -0.11901132585203658 -0.7746171875000001 1.7095 1
0.5710738778054862 -0.6013671875 1.5395 0.17652275561097258 -0.5914744791666667 1.5305 1
0.46233374896093105 -0.6421437500000001 1.618 0.043681421446384046 -0.627665625 1.557 1
0.10846425602660018 -0.6605270833333333 1.558 -0.25399054447215297 -0.6316401041666667 1.3505 1
