0.45448254364089774 -0.5877312499999999 1.626 0.04380766832917706 -0.5741765625 1.5615 1
1.141370012468828 0.39213281250000004 1.9305 0.5844373441396509 0.3515390625 2.1225 0
0.3774672693266833 -0.8005578124999999 1.8255 -0.11495220282626767 -0.7783104166666667 1.702 1
0.18790211970074816 -0.352865625 2.547 -0.5684445137157108 -0.32189062500000004 2.289 1
0.44888403990024944 -0.6455145833333334 1.618 0.04028990024937656 -0.631709375 1.551 1
0.4606733167082295 -0.5396416666666667 1.624 0.06319669576059851 -0.5247067708333334 1.5595 1
0.23648379052369078 0.28067500000000006 2.616 -0.5072812759767249 0.3299369791666667 2.3815 0
0.5591832917705736 -0.60555625 1.542 0.17294576059850372 -0.5933031249999999 1.527 1
0.21190617206982545 -0.0349578125 2.5815 -0.5471867206982544 -0.0024380208333333333 2.3405 1
0.09539068994181214 -0.6629208333333333 1.556 -0.2674631130507066 -0.6049807291666667 1.2935 0
