0.47475477971737323 -0.7545416666666667 1.592 0.07843360349127182 -0.7333421875 1.5405 1
0.4478621155444722 -0.5438609375 1.6265 0.049948046550290934 -0.69884375 2.09 0
0.3578117206982544 -0.80281875 1.822 -0.1161003740648379 -0.778921875 1.719 0
-0.24943110972568577 -0.40257031249999997 1.7025 -0.6287832502078138 -0.33900312499999996 1.307 0
0.44137312967581044 -0.5916640624999999 1.6275 0.0436673940149626 -0.5755807291666667 1.5565 1
-0.17581982543640898 0.18496354166666668 2.089 -0.6866713424771405 0.22707864583333331 1.7165 1
0.5467196591853699 -0.6091635416666666 1.543 0.17266261429758936 -0.5923317708333333 1.5245 1
0.4361071280133001 -0.6431359375000001 1.6205 0.037042809642560265 -0.6313020833333334 1.55 1
0.19026288445552786 -0.040296875 2.579 -0.5548919368246051 -0.0024291666666666667 2.332 1
0.08219139650872818 -0.664021875 1.551 -0.2572007481296758 -0.63136875 1.338 1
