0.0046072319201995015 -0.4880479166666667 1.478 -0.29701163757273485 -0.4372875 1.196 0
-0.11155340814630091 0.2168177083333333 2.191 -0.6588066292601829 0.2637963541666667 1.8485 1
0.7895563175394846 -0.425909375 1.867 0.32323929758936 -0.40754427083333333 1.9085 1
0.5291391313383209 -0.6650807291666666 1.5385 0.16534445137157108 -0.6361942708333335 1.5155 0
0.42863310473815464 -0.5893578125 1.6305 0.03717425187032419 -0.5719703125 1.5555 0
0.5385972568578554 -0.46164375 1.566 0.1681811097256858 -0.4447869791666667 1.5415 1
0.4225062344139651 -0.6496875000000001 1.62 0.033767144638403995 -0.6206119791666667 1.5475 1
0.4346087905236908 -0.5441953125 1.6275 -0.0021877597672485456 -0.6426161458333334 2.1055 0
0.5347584164588529 -0.6101505208333333 1.5455 0.16932772236076474 -0.5885760416666667 1.523 1
0.0692539484621779 -0.6668229166666666 1.55 -0.2872791978387365 -0.7398828125 1.5275 0
