-0.048252285951787204 -0.4790479166666667 1.498 -0.34446695760598506 -0.43394062499999997 1.251 1
-0.004593204488778055 -0.48963177083333337 1.4735 -0.28555018703241897 -0.4468828125 1.2435 1
0.1471009975062344 -0.04558125 2.574 -0.5753979634247715 0.012067708333333335 2.317 1
0.5257476101413133 -0.4650546875 1.5665 0.15206514962593518 -0.4380796875 1.5405 1
0.5165180798004988 -0.671709375 1.539 0.1588881961762261 -0.6355645833333334 1.514 1
0.0562058395677473 -0.6681067708333334 1.5455 -0.2639546965918537 -0.6220520833333334 1.33 1
0.5222490648379052 -0.6137671875 1.5465 0.14386585619285122 -0.5879963541666666 1.5215 1
-0.08337489609310059 -0.5397500000000001 1.36 -0.3101683291770574 -0.5112520833333334 1.118 0
0.4090399002493766 -0.6530625000000001 1.62 0.023505299251870327 -0.8161734375 2.0565 0
0.622298940149626 -0.6085265625 1.4715 0.2871882793017456 -0.57736875 1.494 1
