-0.769173940149626 0.6631781250000001 1.671 -0.8334117830423939 0.6340953125 1.5105 1
0.25844139650872816 0.16743750000000002 1.692 0.14568890274314217 0.11359687500000001 1.731 1
0.08947786783042393 0.23744531249999998 1.6885 -0.015893079800498755 0.1858828125 1.6995 1
0.3290570448877806 0.2063953125 1.6935 0.19350945552784704 0.13235052083333335 1.7405 0
0.12109413965087282 0.223440625 1.689 0.015953865336658355 0.17948541666666665 1.706 0
0.3013466334164589 0.6695666666666666 1.696 0.1993916251039069 0.6143411458333333 1.7605 1
0.5235458229426434 0.32692968749999995 1.6965 0.41024158354114715 0.2623921875 1.7865 1
0.35312967581047383 -0.2524125 1.524 0.26985660847880305 -0.29676458333333333 1.574 0
0.17735868661679136 0.23061458333333332 1.69 0.06955891521197008 0.17701406249999999 1.7165 1
0.22946228179551123 -0.5810734375000001 1.2765 0.16332865752285952 -0.6222005208333333 1.2575 0
