1.0833525561097257 0.3783828125 1.9635 0.5481156483790524 0.4126661458333334 2.1185 1
1.194827514546966 0.37836041666666664 1.882 0.6852166458852869 0.4077963541666667 2.0935 1
0.7293744804655029 -0.6066770833333333 1.39 0.4358380091438072 -0.5769880208333333 1.4615 0
0.5137079177057357 -0.46594531249999993 1.5695 0.1837619492934331 -0.4411171875 1.6225 0
0.31134663341645885 -0.8039583333333334 1.816 -0.13860297173732333 -0.7580661458333332 1.6885 1
0.12575332502078138 -0.040234375 2.575 -0.5750794887780549 -0.055020312499999995 2.2965 0
0.7582751454696592 -0.42796249999999997 1.876 0.291892144638404 -0.392153125 1.911 0
0.5105465502909393 -0.6183854166666667 1.55 0.15697630922693268 -0.57701875 1.526 1
0.5195532003325021 -0.85169375 2.146 0.02085619285120532 -0.6095583333333334 1.544 0
0.0432746259351621 -0.6635963541666666 1.5425 -0.2693812344139651 -0.6190484374999999 1.3295 1
