-0.305395365752286 -0.39713177083333334 1.6795 -0.6293126558603491 -0.3449942708333333 1.3195 1
0.7570422901080632 -0.45920364583333334 1.8445 0.3099376558603491 -0.4357791666666666 1.876 0
1.1845090399002496 0.38006927083333336 1.8905 0.6707200748129676 0.41127187499999995 2.089 1
0.29706670822942643 -0.802378125 1.821 -0.11852400249376559 -0.7608046875 1.7025 0
0.09878584788029926 -0.0401484375 2.5695 -0.5617175810473816 -0.064153125 2.281 0
0.3943859102244389 -0.544696875 1.629 0.02735297173732336 -0.5048755208333333 1.5485 1
0.37990960099750626 -0.6483072916666667 1.625 0.01439214463840399 -0.613996875 1.539 1
0.4901106608478803 -0.6588734375 1.5465 0.13641209476309227 -0.6303218749999999 1.509 0
0.4953979634247714 -0.6098760416666666 1.553 0.14994285120532003 -0.574371875 1.519 1
0.03046238570241064 -0.6638114583333333 1.543 -0.27474594763092264 -0.6152703125 1.3155 1
