0.3810785536159601 -0.5416354166666666 1.63 0.03686357024106401 -0.4964921875 1.5425 0
0.7417097880299253 -0.4668890625 1.8445 0.30514183291770575 -0.4383984375 1.8705 1
0.02743246051537822 -0.5451677083333333 1.553 -0.2728605569409809 -0.4984864583333333 1.333 1
-0.09140586034912719 -0.47370312500000006 1.491 -0.3541651080631754 -0.42426614583333333 1.2305 1
-0.04409964671654198 -0.48630885416666664 1.4635 -0.2993661679135495 -0.4354854166666666 1.226 1
0.36651444305901915 -0.6485067708333333 1.6255 0.014336034912718204 -0.6020218749999999 1.533 1
0.28247142560266003 -0.8039203125000001 1.8245 -0.14493142144638405 -0.7551687499999999 1.722 1
0.48635910224438905 -0.4613083333333333 1.576 0.14190617206982545 -0.4235859375 1.5345 0
0.4834206151288446 -0.6175375 1.556 0.14372402327514547 -0.5684166666666666 1.52 1
0.017590399002493765 -0.6620906249999999 1.539 -0.28231504571903576 -0.6080208333333333 1.3 0
