1.1410582917705736 0.3733182291666667 1.9165 0.6372080216126351 0.425140625 2.093 1
-0.05614972984206151 -0.4822692708333333 1.4605 -0.29200540315876977 -0.43716875 1.238 0
0.845143391521197 -0.61183125 1.314 0.592861596009975 -0.5556145833333334 1.43 0
0.3678673108894431 -0.5421338541666666 1.6315 0.014462281795511222 -0.48489218749999996 1.5465 1
0.3536538861180383 -0.6429182291666666 1.6285 0.011142975893599336 -0.5920541666666667 1.532 1
0.47310837489609303 -0.4644442708333333 1.5755 0.12902431421446384 -0.410396875 1.533 1
0.4709398379052369 -0.6083984375 1.5575 0.1407964463840399 -0.5598359375 1.5225 1
0.465751246882793 -0.657559375 1.551 0.15153730257689113 -0.6123630208333334 1.5035 0
0.47381234413965084 -0.553346875 1.567 0.1379036783042394 -0.5037328125 1.5255 1
0.007993038237738986 -0.6618755208333333 1.5385 -0.2932902119700748 -0.5919671875 1.2545 0
