-0.0015934123025768913 -0.6565296875000001 1.5335 -0.2856811097256857 -0.5960859374999999 1.3155 1
-0.059002493765586035 -0.4807833333333333 1.456 -0.30272339983374896 -0.4203010416666667 1.219 1
0.3511299875311721 -0.5866796875 1.6325 0.0016038029925187034 -0.5257546875 1.5435 1
0.46448721945137156 -0.5506088541666667 1.5685 0.131261429758936 -0.4930645833333333 1.522 1
0.9355829177057357 -0.538209375 1.683 0.5687546758104739 -0.4685609375 1.8065 0
0.4616739401496259 -0.6057364583333332 1.559 0.12101257273482958 -0.5593098958333333 1.5125 1
0.6984543848711554 -0.4201203125 1.8935 0.2715773067331671 -0.36229374999999997 2.058 0
0.7131546134663342 -0.4514375 1.86 0.28974802576891107 -0.41134010416666666 1.8715 1
0.34360660847880303 -0.639721875 1.629 -0.0015949709060681628 -0.5836197916666667 1.535 1
0.46578553615960105 -0.45375000000000004 1.584 0.13195137157107234 -0.40640625 1.53 1
