1.010029093931837 0.3929625 1.996 0.5038123441396509 0.4569697916666667 2.099 1
0.8362359725685784 -0.6043109374999999 1.3215 0.5860972568578553 -0.5607875 1.428 0
0.3758567123857024 -0.6954963541666666 1.5935 0.04253117206982544 -0.6364041666666667 1.516 1
0.44741947215295097 -0.6493276041666667 1.5545 0.0924173940149626 -0.6045703125 1.5075 0
0.3415788653366584 -0.5809432291666667 1.6355 -0.0015980881130507067 -0.52388125 1.538 1
0.3482699501246883 -0.533078125 1.635 0.007993038237738986 -0.46956302083333334 1.5385 1
0.33631909808811306 -0.6387401041666667 1.6265 -0.02763040315876974 -0.7564088541666667 2.0455 0
0.452534289276808 -0.6000093750000001 1.561 0.12077254779717375 -0.5456213541666667 1.5095 1
0.44861751870324185 -0.4563286458333333 1.5815 0.1284351620947631 -0.3989854166666667 1.526 1
0.45514339152119704 -0.5445937500000001 1.57 0.12776184538653368 -0.48860625 1.518 1
