0.8346181421446384 -0.5276390625 1.3365 0.586060889443059 -0.471546875 1.465 0
-0.17184278886118037 0.16755260416666665 2.2655 -0.6927005403158769 0.2545572916666667 1.955 1
0.33488362427265167 -0.5777125 1.636 -0.004792705735660849 -0.5076953125 1.5375 1
0.34423940149625937 -0.5287 1.632 -0.03226309226932668 -0.63178125 2.07 0
-0.014322007481296759 -0.6524828125000001 1.5315 -0.2892674563591022 -0.5786197916666667 1.307 1
0.4500098711554447 -0.5977130208333333 1.5635 0.12717269326683292 -0.5304239583333333 1.511 1
0.23658302161263509 -0.7874192708333333 1.8215 -0.1717440773067332 -0.7040359375 1.6365 0
0.44949033665835414 -0.6508869791666666 1.5505 0.12354010806317539 -0.5784843749999999 1.505 1
0.3300654613466334 -0.6295406250000001 1.629 -0.0015830216126350792 -0.5792473958333333 1.5235 0
0.44232387780548627 -0.45002343749999996 1.5825 0.13212385702410642 -0.4069375 1.532 0
