0.3313824812967581 -0.5673140624999999 1.6355 -0.004784912718204489 -0.4908802083333333 1.535 0
-0.020613050706566917 -0.64378125 1.526 -0.29053148379052374 -0.5594859375 1.3005 1
0.4435115336658354 -0.5911984374999999 1.5635 0.13927057356608477 -0.52553125 1.506 1
0.22932668329177058 -0.7809 1.824 -0.17578449709060684 -0.696171875 1.675 1
0.6733899625935162 -0.40187656250000003 1.9005 0.2467139443059019 -0.3225192708333333 1.8995 1
0.1977150872817955 -0.749328125 1.547 -0.10119856608478804 -0.6748734375000001 1.4115 1
0.32359258104738153 -0.6233265625000001 1.6305 -0.011113881961762261 -0.5554916666666667 1.528 0
0.4460645261845387 -0.5356328124999999 1.5725 0.12452514546965918 -0.46616145833333333 1.517 1
0.44687967581047383 -0.438078125 1.587 0.13236440149625936 -0.3644921875 1.6125 0
0.6886793433083956 -0.43368854166666665 1.867 0.2773373857024106 -0.37524427083333334 1.8665 1
