-0.082494285120532 -0.46763385416666664 1.4435 -0.30995635910224434 -0.3881020833333333 1.198 1
0.3309772443890274 -0.5223796875 1.6335 -0.004781795511221946 -0.43942708333333336 1.534 1
0.3245848919368246 -0.5707213541666667 1.6355 -0.011124792186201164 -0.4923078125 1.5295 1
0.22089463840399004 -0.777903125 1.817 -0.16988102660016627 -0.6900015625000001 1.6855 0
0.3196150249376558 -0.6255703125000001 1.6275 -0.01744752701579385 -0.5454057291666667 1.5265 1
0.19406016209476312 -0.7476328125000001 1.5435 -0.08616947215295095 -0.6641723958333333 1.3595 0
-0.023760910224438905 -0.6431484375000001 1.5245 -0.3110998545303408 -0.6617890625 1.4605 0
0.44082554031587695 -0.5952161458333333 1.5655 0.1449501246882793 -0.5203125 1.5 1
0.44307824189526185 -0.5326953125 1.5735 0.11783042394014963 -0.45832500000000004 1.512 1
0.4421841230257689 -0.44328958333333335 1.582 0.1350992310889443 -0.3606213541666667 1.5665 0
