0.8304997921862012 -0.5244239583333333 1.357 0.5744705943474647 -0.4445328125 1.4665 1
0.3510089359933499 -0.765478125 1.601 0.042685473815461346 -0.6767505208333334 1.5215 0
0.6742414796342477 -0.4343854166666667 1.87 0.19506078553615963 -0.2924869791666667 1.6045 0
-0.030037926018287614 -0.6482223958333333 1.5215 -0.3004208229426434 -0.5474635416666666 1.285 1
0.432717684954281 -0.5352921875 1.5715 0.11136169991687449 -0.44813281250000003 1.5095 1
0.21909029509559436 -0.7849671874999999 1.8335 -0.18657211138819615 -0.670359375 1.589 0
0.4089167705735661 -0.8265984375 2.1505 -0.023706359102244386 -0.540271875 1.521 0
0.43390274314214466 -0.5979041666666667 1.564 0.11411938902743142 -0.5062015624999999 1.5045 1
0.4331411055694098 -0.440828125 1.585 0.13264339152119703 -0.36280833333333334 1.576 0
0.32369181213632586 -0.524978125 1.631 -0.004753740648379052 -0.433671875 1.525 1
