0.3082138403990025 0.118296875 1.695 0.16049407730673315 0.0705046875 1.7355 0
0.230515897755611 0.0899671875 1.6935 0.13114817123857025 0.04502604166666667 1.729 0
-0.25477452202826273 -0.089834375 1.691 -0.3674163549459684 -0.13069947916666666 1.6295 1
-0.2197630922693267 0.6609375 1.692 -0.3352322319201995 0.6118203125000001 1.6545 0
0.7110941396508728 -0.24081354166666666 1.531 0.6132543640897755 -0.3031125 1.644 1
0.3576335203657523 0.15012239583333334 1.6955 0.24597100997506235 0.08219531249999999 1.7535 1
0.04739869077306733 0.09327447916666666 1.6895 -0.06489609310058188 0.03340833333333333 1.688 0
0.001754467996674979 0.09673697916666665 1.6885 -0.10302317123857024 0.04376302083333334 1.6805 1
-0.6713061097256858 0.07477604166666668 1.465 -0.7318531795511223 0.0487265625 1.3365 1
0.22919264339152118 -0.5830468749999999 1.275 0.17291147132169576 -0.62484375 1.29 1
