0.6765466541978388 -0.4784171875 1.8445 0.2748857024106401 -0.36421875000000004 1.85 0
-0.1438720906068163 -0.4600234375 1.4575 -0.3761793433083957 -0.35733645833333333 1.187 1
0.31652431421446386 -0.527728125 1.629 -0.020640066500415628 -0.41860833333333336 1.528 1
-0.0393027847049044 -0.6477531249999999 1.513 -0.3103543225270158 -0.5441468749999999 1.271 1
0.2016256234413965 -0.7839609375 1.8135 -0.20229426433915212 -0.6638666666666667 1.664 1
0.42333852867830424 -0.5935052083333333 1.561 0.10463528678304239 -0.49004062499999995 1.503 1
0.4183452826267664 -0.6460890625 1.5545 0.1255314837905237 -0.5453296875000001 1.4915 0
0.42561149210307564 -0.44314947916666664 1.5815 0.0959304862842893 -0.3452671875 1.5135 1
0.42605049875311723 -0.5383947916666667 1.571 0.10505299251870324 -0.438553125 1.509 1
0.30233219035743975 -0.6281880208333332 1.6255 -0.029968827930174562 -0.5265562500000001 1.518 1
