1.1669560473815463 -0.12245052083333333 1.8085 0.7410156899418122 -0.010346354166666665 1.9865 0
0.2972069825436409 -0.68175 1.616 -0.036098815461346634 -0.5680109375 1.5105 1
-0.0966152327514547 -0.4693828125 1.4305 -0.3266754987531172 -0.36183593750000004 1.1775 1
0.3033551537822112 -0.5725489583333334 1.631 -0.08278990024937656 -0.619284375 2.043 0
0.3097537406483791 -0.524334375 1.629 -0.026999688279301746 -0.3932703125 1.5285 0
0.41938746882793015 -0.5349515625 1.5705 0.0985847880299252 -0.42826875 1.506 1
0.4204982335827099 -0.5973307291666666 1.5625 0.10168069409808812 -0.4877192708333334 1.5055 1
0.2984943890274314 -0.6238406249999999 1.623 -0.07817903158769743 -0.6841880208333334 2.0335 0
0.1972023067331671 -0.7813671875000001 1.8075 -0.20513403990024937 -0.654959375 1.659 1
0.41233478802992524 -0.44630312499999997 1.581 0.09887936408977557 -0.3382890625 1.5105 1
