-0.10230985037406484 -0.4652614583333333 1.427 -0.3198477763923524 -0.38502447916666666 1.1885 0
0.19021456774729842 -0.7797526041666667 1.8125 -0.21317123857024106 -0.6518875000000001 1.724 0
0.4134741271820449 -0.5900640625 1.5605 0.10386949293433084 -0.49888750000000004 1.492 0
0.02508572319201995 -0.7460703125 1.6095 -0.2772516625103907 -0.624284375 1.397 1
0.30608634663341644 -0.5238515625 1.6275 -0.02992934330839568 -0.4026875 1.516 1
0.4187733790523691 -0.44616197916666667 1.5805 0.08606608478802992 -0.32786875000000004 1.506 1
-0.16659445137157108 -0.5173265625 1.3035 -0.3425264962593516 -0.41314947916666667 1.0465 1
-0.048493869492934334 -0.6414057291666667 1.5055 -0.3143500623441397 -0.5252265625 1.2765 1
0.6516209476309227 -0.43485 1.872 0.23341282211138822 -0.31908593749999997 1.8565 1
0.4159912718204489 -0.53478125 1.57 0.06088684538653366 -0.4116223958333333 1.5025 0
