0.16807200748129675 -0.7461796875 1.5405 -0.13436876558603494 -0.6242765625000001 1.3905 1
-0.10213061097256859 -0.4644463541666667 1.4245 -0.3518064214463841 -0.33814218749999997 1.1635 0
0.18655081047381544 -0.7764046874999999 1.8135 -0.22109881546134663 -0.6374630208333334 1.6495 1
0.2962125935162095 -0.568453125 1.629 -0.07003584788029926 -0.5765807291666667 2.0425 0
0.2912993557772236 -0.6262557291666667 1.6205 -0.05169108478802993 -0.5009296875 1.5075 1
0.30279717373233583 -0.5206208333333333 1.628 -0.0393027847049044 -0.39558645833333334 1.513 1
0.4152259975062344 -0.44258906249999996 1.5795 0.08934382793017456 -0.3221276041666667 1.5085 1
0.4125971529509559 -0.5313411458333334 1.5695 0.08566604322527016 -0.41378645833333333 1.499 1
0.41400405236907734 -0.5940755208333334 1.5625 0.0854374480465503 -0.4594010416666667 1.495 0
0.6482496882793017 -0.43129531249999997 1.8735 0.2252711970074813 -0.31076354166666664 1.853 1
