-0.0364214463840399 -0.46831249999999996 1.524 -0.31737531172069827 -0.34479375 1.278 1
0.6588066292601829 -0.4679015625 1.8485 0.1852883416458853 -0.2895046875 1.6065 0
0.16725374064837906 -0.7425468749999999 1.533 -0.1425233790523691 -0.6162588541666666 1.3855 1
0.3025181837073982 -0.5167526041666667 1.6265 -0.045410432252701576 -0.3845989583333333 1.507 1
0.2909398379052369 -0.6254828125 1.6185 -0.05776444305901912 -0.4930078125 1.5025 1
0.18552213216957608 -0.7721234375 1.8035 -0.23133728179551122 -0.6233760416666667 1.579 0
0.40855309642560267 -0.5303255208333334 1.5665 0.07940928927680797 -0.3949171875 1.4985 1
0.4100997506234414 -0.583375 1.56 0.10049875311720699 -0.45415 1.488 0
0.4149631130507066 -0.4390203125 1.5785 0.076244285120532 -0.3135390625 1.4975 1
-0.05145105985037407 -0.6361494791666666 1.5005 -0.3587172693266833 -0.6118109374999999 1.4945 0
