-0.10173628428927681 -0.456740625 1.419 -0.3454847256857856 -0.33196718750000004 1.1505 1
0.8107678719867 -0.5889614583333334 1.343 0.5211066084788031 -0.47750312500000003 1.437 1
-0.04533509975062344 -0.6378453125 1.5045 -0.33292549875311717 -0.5039088541666666 1.2565 1
0.4151963840399002 -0.523965625 1.567 0.06971633416458853 -0.396046875 1.491 1
0.2994139650872818 -0.5579291666666666 1.628 -0.06088684538653366 -0.43040364583333335 1.5025 1
0.17077306733167083 -0.7408 1.536 -0.1473721945137157 -0.606740625 1.377 1
0.41645002078137994 -0.5831880208333333 1.5595 0.0728148379052369 -0.4550656250000001 1.491 1
0.2942123857024107 -0.6219187500000001 1.618 -0.06699761014131338 -0.48577552083333336 1.4995 1
0.3058982751454697 -0.5167526041666667 1.6265 -0.05480569409808811 -0.372040625 1.507 1
0.41797849127182046 -0.43216927083333334 1.5775 0.0800716957605985 -0.31636562499999993 1.511 0
