0.29439266417290105 -0.7863494791666666 1.9015 -0.18533458021612637 -0.6162604166666666 1.766 1
0.6992092684954281 -0.5785447916666667 1.399 0.41948566084788036 -0.4536947916666667 1.447 0
0.4188835203657523 -0.5820661458333334 1.5565 0.0663050706566916 -0.4374708333333333 1.484 1
0.17692643391521198 -0.7398354166666666 1.534 -0.15270625519534495 -0.5966140625 1.3735 1
0.30233219035743975 -0.5638453124999999 1.6255 -0.06701995012468828 -0.4203125 1.5 1
0.311697319201995 -0.5117859375 1.6215 -0.05136533665835411 -0.34797291666666663 1.498 1
0.1932320241064007 -0.7692182291666667 1.8055 -0.27132793017456364 -0.60241875 1.602 1
0.2975748129675811 -0.6151770833333334 1.618 -0.06997350374064838 -0.4536265625 1.4965 1
0.41417445968412303 -0.43490364583333335 1.5755 0.06038029925187032 -0.29334375 1.49 1
0.42117103075644224 -0.5265572916666666 1.565 0.06648379052369077 -0.38595 1.488 1
