0.3046758104738155 -0.5686875 1.62 -0.06684123025768912 -0.406725 1.496 1
0.34322994596841233 -0.6799442708333333 1.5805 -0.016956047381546137 -0.5176796875 1.4835 1
0.42116895261845383 -0.5839927083333333 1.553 0.06619337073981713 -0.4243880208333334 1.4815 1
0.7363310473815461 -0.548515625 1.785 0.2893937032418953 -0.3630609375 1.5915 0
0.4237453241895262 -0.5289713541666666 1.5625 0.0663720906068163 -0.3729223958333333 1.4855 1
0.49720646300914384 -0.5802140625 1.5095 0.16954488778054863 -0.42415625 1.47 1
0.4163268911055694 -0.633303125 1.547 0.06296550290939318 -0.46649375 1.478 1
0.3112167497921862 -0.521115625 1.619 -0.09916199085619284 -0.46743802083333336 2.0305 0
0.29991427680798005 -0.6265234375 1.6125 -0.06971633416458853 -0.458171875 1.491 1
0.42265118453865336 -0.4400671875 1.5705 0.06973971321695761 -0.28120989583333333 1.4915 1
