0.5310291978387365 -0.5192526041666666 1.5725 0.15558759351620946 -0.3355859375 1.5125 0
0.42008416458852865 -0.5889427083333333 1.549 0.0843801953449709 -0.4014234375 1.4765 0
0.4151158561928512 -0.6411015624999999 1.5425 0.1084845178719867 -0.43961822916666665 1.4705 0
0.19534756857855362 -0.7814786458333334 1.7905 -0.24539120947630924 -0.5728640625 1.6515 1
0.41901807980049877 -0.536840625 1.557 0.06621571072319202 -0.35660624999999996 1.482 1
0.3041115960099751 -0.567634375 1.617 -0.06672953034081464 -0.3904880208333334 1.4935 1
0.2988913133832087 -0.6310822916666666 1.607 -0.07298576475477972 -0.44679322916666664 1.4945 1
0.63717321280133 -0.4014536458333334 1.8985 0.1862489609310058 -0.18251874999999998 2.014 0
0.31035172485453033 -0.5230307291666667 1.6145 -0.057379987531172065 -0.3342578125 1.4925 1
0.42197838736492105 -0.4459 1.568 0.0508852867830424 -0.2643375 1.484 1
