0.29769014962593515 -0.7631718749999999 2.187 -0.31983946384039896 -0.4905140625 2.0385 1
0.5232304655029094 -0.5180427083333333 1.559 0.1636398586866168 -0.320134375 1.529 1
0.4451065045719036 -0.4615401041666667 1.8385 -0.02047641313383209 -0.23326822916666667 1.7915 0
0.3001932668329177 -0.5766687500000001 1.614 -0.03546550290939318 -0.38800416666666665 1.484 0
0.1847506234413965 -0.7838791666666667 1.796 -0.24852192435577725 -0.5549880208333333 1.6495 1
0.5110712801330008 -0.5870989583333334 1.495 0.18431629260182877 -0.39551458333333334 1.466 1
0.41952098919368247 -0.44020729166666667 1.571 0.056918640897755605 -0.24520781249999998 1.4805 1
-0.17062396093100585 -0.5183744791666667 1.2535 -0.3540840606816293 -0.3466901041666667 0.9935 0
0.29536783042394016 -0.62734375 1.606 -0.07266832917705734 -0.45725 1.488 0
0.3070916458852868 -0.5265572916666666 1.615 -0.04171758104738155 -0.3175364583333334 1.487 0
