0.3082138403990025 0.11123437500000001 1.695 0.1830257689110557 0.059949999999999996 1.744 1
-0.5581837073981712 0.2824208333333333 1.684 -0.6478673108894432 0.2351307291666667 1.5785 0
-0.2581359102244389 -0.09682291666666668 1.69 -0.37407418952618454 -0.093328125 1.629 0
0.02280808395677473 0.16005572916666663 1.6885 -0.09282159185369909 0.11412239583333333 1.6855 1
0.7108619077306734 -0.24392343749999998 1.5305 0.5940175602660017 -0.31062239583333334 1.6475 1
0.47841749792186206 0.100878125 1.699 0.38425342892768083 0.0353578125 1.7865 0
-0.7694098088113052 0.6569333333333333 1.664 -0.8592253740648379 0.6352828125 1.5285 1
0.08604530340814631 0.09330208333333333 1.69 -0.029993765586034914 0.04775624999999999 1.698 1
0.17400093516209475 0.22377135416666669 1.6915 0.06255195344970906 0.17379166666666668 1.72 1
0.22636533665835412 -0.5852437500000001 1.274 0.17023067331670824 -0.62484375 1.29 1
