-0.04461190773067332 -0.6461765624999999 1.4805 -0.33476205320033253 -0.44023437500000007 1.225 0
0.4161923316708229 -0.5912140625000001 1.5465 0.06906172069825436 -0.3769427083333333 1.477 1
0.45273275145469666 -0.46555208333333337 1.87 -0.052654821280133005 -0.221703125 2.027 0
0.41511481712385706 -0.5359786458333333 1.5545 0.07249740232751455 -0.3200953125 1.4845 1
0.6287853283458023 -0.40113645833333333 1.897 0.17558915211970075 -0.152815625 1.857 1
0.2917575852036576 -0.6267578125 1.6045 -0.06955268079800499 -0.41371093750000004 1.4875 1
0.41084216541978386 -0.6394390624999999 1.5385 0.11135078969243559 -0.4266375 1.468 0
0.29628740648379054 -0.575596875 1.611 -0.12847776392352453 -0.4793010416666667 2.027 0
0.1870137157107232 -0.78148125 1.782 -0.2284071072319202 -0.5375302083333333 1.559 0
0.30307720282626766 -0.5254161458333333 1.6115 -0.05730309642560266 -0.3027578125 1.4905 1
