0.40936720698254364 -0.590640625 1.545 0.0658135910224439 -0.385128125 1.473 0
0.18071591853699084 -0.7825697916666666 1.793 -0.2278163965087282 -0.5271765625 1.6485 0
0.44270002078137993 -0.4631869791666667 1.8605 -0.02382793017456359 -0.2002875 1.764 1
-0.05062811720698254 -0.6475067708333333 1.4765 -0.36251818370739824 -0.5164453125 1.4125 0
0.2925758520365752 -0.5715302083333333 1.609 -0.06334891936824606 -0.34541770833333335 1.487 1
-0.3390736699916875 0.17970364583333334 2.0785 -0.7844155236907732 0.4636734375 1.6305 0
0.4045791770573566 -0.639646875 1.539 0.0658135910224439 -0.4158156250000001 1.473 1
0.4114141729010806 -0.445046875 1.565 0.05973192019950124 -0.21956458333333334 1.474 0
0.2877940565253533 -0.6320614583333334 1.601 -0.06959943890274314 -0.4046859375 1.4885 1
0.29917030340814627 -0.5210869791666667 1.6085 -0.050833852867830424 -0.2887786458333333 1.4825 1
