0.28914224854530346 -0.5713526041666667 1.6085 -0.06324241479634247 -0.3355588541666667 1.4845 1
0.4049018079800499 -0.5352890625 1.5525 0.0382247506234414 -0.2897015625 1.4715 0
-0.10953137988362427 -0.6345885416666667 1.369 -0.3541910847880299 -0.46297968749999996 1.2045 0
0.2721072319201995 -0.7987375 1.884 -0.1882018911055694 -0.5183911458333333 1.7585 0
0.4388336450540316 -0.4631869791666667 1.8605 -0.024219659185369908 -0.18863854166666666 1.793 0
0.40602504156275976 -0.5904494791666667 1.5445 0.07191136741479634 -0.35432031249999996 1.4725 1
0.17595334580216127 -0.7817005208333333 1.7825 -0.2300124688279302 -0.5143875 1.548 0
0.40868349958437244 -0.4390864583333333 1.567 0.07196020365752287 -0.21028072916666668 1.4735 1
0.28437811720698253 -0.6318640625 1.6005 -0.06623805070656691 -0.3876119791666666 1.4825 1
0.29564370324189526 -0.5241119791666666 1.6075 -0.05387832502078138 -0.27932447916666664 1.4815 1
