-0.05347828345802161 -0.6479390625 1.4705 -0.3281930590191189 -0.410946875 1.229 1
0.5138715710723192 -0.5184270833333333 1.57 0.16567175810473816 -0.26731927083333334 1.5185 1
-0.11208904821280133 -0.6386557291666667 1.3655 -0.3409808811305071 -0.4188333333333334 1.12 1
0.40602504156275976 -0.5936671874999999 1.5445 0.06866427680798005 -0.3105265625 1.4685 0
0.28535536159601 -0.5738104166666668 1.606 -0.06307200748129675 -0.32540156249999996 1.4805 0
0.4049018079800499 -0.5352890625 1.5525 0.06868765586034914 -0.28920937500000005 1.469 0
0.28070085203657524 -0.6277442708333333 1.5985 -0.12656951371571074 -0.5095578125 1.9335 0
0.16149781795511223 -0.7834546875 1.7865 -0.24539120947630924 -0.5040515625 1.6515 0
0.40452150872817955 -0.4413630208333333 1.5635 0.06857076059850374 -0.20011614583333331 1.4665 0
0.2918485037406484 -0.526640625 1.605 -0.11535484206151289 -0.3343140625 2.0185 0
