0.4294160432252702 -0.4694479166666667 1.87 -0.027298940149625937 -0.16237864583333333 1.7515 1
-0.059306421446384046 -0.6509526041666667 1.4635 -0.3287286990856193 -0.4033494791666667 1.2215 1
0.2737141521197008 -0.6302848958333332 1.5965 -0.05967113466334164 -0.37272656249999997 1.4725 0
0.1641931629260183 -0.7860286458333333 1.7755 -0.2401278054862843 -0.49340729166666664 1.639 0
0.40128740648379047 -0.5380031249999999 1.551 0.06859413965087283 -0.279646875 1.467 0
0.39370116375727354 -0.6407645833333333 1.534 0.1136611596009975 -0.3782984375 1.4585 0
0.6049724646716542 -0.40498177083333337 1.8965 0.17015793848711558 -0.09775 1.84 0
0.2850888403990025 -0.5298192708333334 1.6045 -0.05668796758104738 -0.2595734375 1.4745 1
0.39089879467996674 -0.4471614583333333 1.561 0.06845386533665836 -0.187575 1.464 1
0.2783333333333333 -0.5764375 1.604 -0.06601465087281795 -0.3155078125 1.4775 1
