0.3920407315045719 -0.6015625 1.54 0.06840710723192021 -0.3215552083333334 1.463 1
-0.12632585203657523 -0.6359916666666667 1.336 -0.3392586242726517 -0.39363177083333334 1.0705 1
0.9178938071487946 -0.175178125 1.933 0.4336798628428928 0.15716822916666665 1.9595 0
-0.06509871155444721 -0.651096875 1.457 -0.3275254571903574 -0.3973348958333333 1.2265 1
0.38739297589359933 -0.5398385416666667 1.547 0.06843048628428929 -0.2698328125 1.4635 0
0.2712432460515378 -0.5788755208333334 1.6015 -0.14017508312551955 -0.3922130208333333 2.0135 0
0.1530808395677473 -0.7895052083333333 1.775 -0.246909289276808 -0.4832661458333333 1.6165 0
0.3902727556109726 -0.4496921875 1.5585 0.06833697007481297 -0.1781203125 1.4615 1
0.26649314214463843 -0.6355406250000001 1.593 -0.06889806733167082 -0.33307239583333337 1.4735 0
0.2776392352452203 -0.5316666666666667 1.6 -0.10654145885286784 -0.3581203125 2.0105 0
