0.893456982543641 -0.19207812500000002 1.941 0.40476153366583545 0.1039921875 1.9575 1
-0.13026184538653368 -0.6473208333333333 1.348 -0.33947682876142976 -0.3980078125 1.1075 0
0.3810863466334165 -0.5464609375000001 1.5475 0.06826683291770574 -0.26310416666666664 1.46 0
0.23239869077306732 -0.8124921875 1.8795 -0.19076527431421447 -0.4753734375 1.7485 1
-0.07686564837905237 -0.6572578124999999 1.4505 -0.3271139858686617 -0.3887067708333333 1.2155 1
0.3787468827930175 -0.60078125 1.538 0.08329436824605153 -0.3203463541666667 1.4575 0
0.3805564214463841 -0.45618593749999997 1.5585 0.05591905652535328 -0.16514635416666665 1.4545 0
0.3346477556109726 -0.8398072916666667 2.105 -0.1223342684954281 -0.4469088541666667 1.9955 0
0.2671623025768911 -0.5339968749999999 1.597 -0.05628428927680798 -0.24552500000000002 1.464 0
0.13116999168744806 -0.7945437500000001 1.778 -0.24618661679135492 -0.47488125 1.634 0
