0.9109232128013299 -0.03457552083333333 1.9525 0.42108374896093104 0.36154270833333335 1.939 0
0.2036393391521197 -0.8107609375 1.8665 -0.1972397132169576 -0.45170156250000004 1.7415 0
-0.19745428096425605 -0.5274354166666666 1.226 -0.33960879052369075 -0.29547239583333335 0.9815 0
0.35042186201163755 -0.6914687500000001 1.526 0.04971945137157108 -0.34890625 1.45 0
0.7650244181213632 0.11259739583333332 2.0395 0.3087344139650873 0.5158437499999999 1.942 0
0.3604629052369077 -0.47225885416666663 1.8355 -0.030929966749792186 -0.11855729166666666 1.751 1
0.35625779301745636 -0.5973828125 1.5375 0.06786938902743142 -0.29483593750000003 1.4515 1
0.11133260598503741 -0.7922546874999999 1.7565 -0.25003636741479635 -0.45253645833333334 1.615 0
0.22950020781379885 -0.6372552083333333 1.589 -0.06829021197007482 -0.3331765625 1.4605 0
0.240762676641729 -0.53433125 1.598 -0.059144326683291774 -0.2204453125 1.4595 0
