0.5389650872817955 -0.4096874999999999 1.9 0.16793848711554446 -0.03594166666666666 1.816 1
0.22380766832917703 -0.5767067708333333 1.5955 -0.06507637157107231 -0.2655078125 1.4565 0
0.17848192019950124 -0.8022906249999999 1.847 -0.19712645469659185 -0.4369380208333333 1.7405 1
0.8224854530340815 0.4004916666666667 2.056 0.38233738570241066 0.7966880208333333 1.9265 1
0.21931733167082296 -0.633146875 1.587 -0.06812655860349127 -0.314165625 1.457 1
1.143446072319202 -0.0288984375 1.8495 0.7329005610972569 0.3643796875 1.9115 0
0.09700696176226101 -0.7871703125 1.7615 -0.2597023067331671 -0.4383984375 1.6125 0
0.34689785951787194 -0.5945661458333333 1.5385 0.07960463424771405 -0.26350260416666665 1.4455 0
-0.10854426433915212 -0.648421875 1.431 -0.40022599750623444 -0.4358421875 1.5105 0
0.23058343724023275 -0.5305036458333333 1.5965 -0.05896197007481297 -0.210671875 1.455 1
