-0.48848192019950126 0.022817708333333336 1.685 -0.6112022028262677 0.011498958333333333 1.577 1
0.1529099127182045 0.24491510416666668 1.6915 0.033848192019950124 0.19823906249999998 1.7145 1
0.2285634871155445 -0.5867442708333334 1.2715 0.16800446799667498 -0.6265390625000001 1.2935 1
-0.5616832917705735 0.27891249999999995 1.684 -0.6674298628428929 0.25029843749999997 1.5705 1
-0.22002285951787198 0.6546604166666666 1.694 -0.34814162510390695 0.6069026041666667 1.6505 1
0.35731088944305905 -0.1701875 1.556 0.21922277639235246 -0.19731250000000003 1.54 0
-0.7777254779717374 0.6546447916666668 1.667 -0.8659128221113882 0.6332046875 1.5235 1
0.8290289900249377 -0.16817968749999998 1.5675 0.6951381961762261 -0.229915625 1.711 0
0.17762105153782212 0.22037760416666666 1.6925 0.05176849542809643 0.17358958333333332 1.718 1
0.48631130507065673 -0.58426875 1.222 0.42902379467996676 -0.6308984375000001 1.3025 1
