0.4423768703241896 -0.5214578125 1.5595 0.13339827514546965 -0.19383593749999997 1.4425 0
0.21352556109725684 -0.575803125 1.593 -0.06803304239401498 -0.253109375 1.455 1
0.20909341230257691 -0.6321494791666668 1.5845 -0.05576527431421446 -0.29161093749999994 1.4505 0
0.3418983790523691 -0.470559375 1.859 -0.03426278054862843 -0.08858281250000001 1.7355 1
0.7378797797173732 0.1215109375 2.0465 0.3020313798836243 0.5514322916666666 1.925 0
1.135893599334996 -0.029 1.856 0.7309834788029925 0.3634265625 1.9065 1
0.06933291770573566 -0.8193312499999998 2.022 -0.35234725685785534 -0.411134375 1.853 0
0.3375254571903574 -0.5949526041666666 1.5395 0.05847568578553616 -0.278078125 1.443 0
0.0855366791354946 -0.7863505208333333 1.7515 -0.25119752701579384 -0.42421614583333334 1.6225 0
0.22007741064006653 -0.5291744791666667 1.5925 -0.05877961346633417 -0.19793281249999997 1.4505 0
