0.3285458229426434 -0.6380494791666667 1.5275 0.06449553200332503 -0.3112546875 1.4435 0
0.16067019950124686 -0.8014781249999999 1.863 -0.18695968412302574 -0.40444791666666663 1.894 0
0.3193360349127182 -0.6864572916666666 1.529 0.06168744804655029 -0.3544583333333333 1.448 1
1.127654301745636 -0.0252078125 1.8615 0.7407263092269327 0.374259375 1.901 1
-0.1258572319201995 -0.642734375 1.425 -0.40056109725685785 -0.4140625 1.5 1
0.3155782418952619 -0.44615885416666673 1.5575 0.06102711970074813 -0.12385156250000001 1.4325 0
0.07093672069825437 -0.7822546874999999 1.7505 -0.25150716957605984 -0.4145859375 1.6245 1
0.20709943890274315 -0.5265171875 1.5945 -0.06166614713216958 -0.1884765625 1.4475 1
0.3228865336658354 -0.53626875 1.546 0.06431681213632585 -0.20842760416666667 1.4395 0
0.32409549044056524 -0.5969942708333333 1.5365 0.06744856608478803 -0.2599505208333333 1.4425 1
