0.316358582709892 -0.5876119791666667 1.5455 0.06422745220282627 -0.2530598958333333 1.4375 1
0.18604374480465502 -0.6222463541666666 1.5845 -0.07362219451371571 -0.29371875 1.446 0
0.056498337489609314 -0.7692020833333333 1.754 -0.27034081463009146 -0.40568333333333334 1.616 0
0.18745272236076477 -0.5637640625 1.5965 -0.1127545719035744 -0.3555510416666667 1.973 0
0.31781951371571077 -0.45544218750000004 1.8765 -0.04117726517040732 -0.069996875 1.723 0
0.4970968412302577 -0.39509791666666666 1.906 0.16276340399002492 -0.0018755208333333334 1.8005 1
0.8680647339983375 -0.11209114583333334 1.9565 0.4719560473815462 0.2974567708333334 1.9165 0
0.19697319201995014 -0.5127468749999999 1.593 -0.055246259351620954 -0.184115625 1.437 0
0.31304343308395677 -0.434153125 1.561 0.06079280964256027 -0.10851145833333334 1.427 1
-0.13736440149625936 -0.6322713541666667 1.4215 -0.40233270989193687 -0.406453125 1.495 0
