0.1264339152119701 -0.78195 1.872 -0.20831203241895263 -0.39089218750000004 1.7135 1
0.0500498753117207 -0.7674916666666667 1.784 -0.24888663757273485 -0.40258177083333335 1.4695 0
0.48251558603491274 -0.388171875 1.911 0.11217321280133001 0.0142546875 1.5205 0
1.0329254987531171 -0.11242656250000001 1.8935 0.6546742518703241 0.3033703125 1.9035 1
0.30360972568578554 -0.5781395833333334 1.546 0.058090710723192024 -0.2374234375 1.4335 1
0.18430798004987534 -0.5110270833333334 1.598 -0.07015326267664174 -0.16908802083333332 1.4365 0
0.3038944305901912 -0.4317291666666667 1.564 0.042894326683291774 -0.1141765625 1.4235 0
-0.23182668329177056 -0.5138062499999999 1.206 -0.34073410224438905 -0.2465359375 0.9505 1
-0.14622662094763092 -0.6293098958333334 1.4215 -0.35623025768911054 -0.40338749999999995 1.388 0
0.30165991271820447 -0.5223515625 1.5525 0.05495791770573566 -0.18911093750000002 1.4295 0
