0.16283977556109724 -0.618359375 1.583 -0.13686824605153783 -0.35019374999999997 1.966 0
0.1639198877805486 -0.5660244791666666 1.5935 -0.08499064837905237 -0.21375520833333334 1.435 0
0.17358167082294265 -0.5154177083333333 1.591 -0.07880610972568579 -0.156515625 1.431 0
0.030868142144638403 -0.7699921875 1.7475 -0.27503636741479637 -0.381390625 1.585 1
0.29028834164588535 -0.5804203125 1.5435 0.05236907730673317 -0.23249999999999998 1.44 1
0.29207502078137987 -0.5257552083333333 1.553 0.04901652119700748 -0.1742203125 1.4295 0
0.28559278886118045 -0.6381921875000001 1.5355 0.06387001246882792 -0.28441093749999996 1.4295 0
0.7425607855361596 0.41452968749999997 2.0835 0.28870324189526186 0.8644916666666667 1.816 0
0.7848425810473816 -0.16314322916666668 1.9825 0.3955600581878637 0.2769864583333333 1.913 1
-0.15720906068162926 -0.6348270833333333 1.414 -0.3373207605985038 -0.31602968750000004 1.1805 1
