0.2799381753948462 -0.5885380208333334 1.5395 0.04003428927680799 -0.21553645833333335 1.427 1
0.2781769534497091 -0.5335651041666668 1.5475 0.0399781795511222 -0.164765625 1.425 0
0.7697194513715712 -0.17584375 1.986 0.3827311928512053 0.2962151041666667 1.9085 1
0.9775015586034913 -0.2553796875 1.9005 0.6088003948462177 0.20476614583333333 1.9085 1
-0.16520261845386536 -0.640478125 1.407 -0.3442866791354946 -0.30906927083333335 1.1545 0
-0.20413185785536161 -0.4628484375 1.3185 -0.34737323358270994 -0.147375 1.048 1
0.3215373025768911 -0.6839921875 1.5095 0.0858790523690773 -0.34890625 1.45 0
0.843899106400665 0.08938177083333333 1.9955 0.4767082294264339 0.5329666666666666 1.888 0
0.5339385910224439 -0.5835234375 1.4475 0.3278730257689111 -0.21372395833333335 1.415 0
0.8523550498753116 0.40497968749999996 2.0355 0.4645152743142145 0.8748484375000001 1.8705 1
