0.0018105777223607648 -0.7823098958333332 1.7425 -0.33454021197007483 -0.34602343750000003 1.7035 0
0.14007689110556942 -0.5732729166666667 1.586 -0.1022740024937656 -0.19168593750000001 1.4265 0
0.14699241479634248 -0.5248661458333334 1.5895 -0.09292238154613466 -0.13455677083333334 1.4195 0
0.266880714879468 -0.59116875 1.538 0.03403158769742311 -0.2061833333333333 1.424 1
0.9649927265170408 -0.2602260416666667 1.907 0.597058395677473 0.19686562500000002 1.909 0
0.26248441396508726 -0.6395114583333332 1.531 0.03112687032418953 -0.2540953125 1.4265 1
0.8363092269326684 0.3989333333333333 2.048 0.4542991479634248 0.8856755208333333 1.8605 1
-0.17828865336658356 -0.6408281250000001 1.395 -0.349088216957606 -0.2966796875 1.1625 1
0.829798940149626 0.08548072916666666 2.0015 0.45172693266832914 0.5665604166666667 1.882 1
0.6924033665835412 -0.5951802083333334 1.397 0.48631961762261017 -0.23419375 1.414 1
