0.12270105985037408 -0.6281598958333333 1.5745 -0.11393183707398172 -0.24178333333333332 1.424 1
0.2522864713216958 -0.5364421875000001 1.5465 0.02205423940149626 -0.14886979166666667 1.415 0
0.1334850374064838 -0.5237104166666666 1.586 -0.10461138819617623 -0.12850625 1.418 1
0.2540960099750624 -0.59116875 1.538 0.02509195760598504 -0.20271718750000003 1.4205 1
0.25000259767248545 -0.6880286458333332 1.5325 0.016258832086450542 -0.27116406249999997 1.4225 0
0.1266931629260183 -0.5723692708333332 1.5835 -0.0985785536159601 -0.184375 1.416 0
0.24967633000831255 -0.6424911458333333 1.5305 0.022178927680798006 -0.253471875 1.423 1
0.9493905860349127 -0.2613859375 1.9155 0.5807330631753949 0.22055468749999999 1.9075 1
-0.1894082502078138 -0.6392203124999999 1.3915 -0.4179670615128845 -0.3563838541666666 1.4315 0
0.8082605985037405 0.08165624999999999 2.01 0.46650197423108897 0.5733338541666666 1.8785 0
