0.051999688279301744 -0.7935296875 1.8535 -0.26891053615960103 -0.33653802083333334 1.6915 1
0.10957813798836243 -0.6279604166666667 1.574 -0.12523898586866167 -0.23781041666666666 1.418 1
-0.030567851205320032 -0.7733171875 1.7305 -0.3152743142144639 -0.3452375 1.556 1
0.6031374688279301 0.1191953125 2.0805 0.25331566916043224 0.668796875 1.861 0
0.12041510806317539 -0.5208984375 1.5875 -0.11265170407315046 -0.12466666666666666 1.408 0
0.11349438902743143 -0.5721885416666666 1.583 -0.12207657938487115 -0.1813609375 1.4155 0
0.24154665419783874 -0.5853307291666667 1.5395 0.027915627597672486 -0.20768124999999998 1.414 0
0.23718620116375727 -0.6335458333333334 1.532 0.010313798836242727 -0.24371875 1.418 1
-0.20025301330008313 -0.6340348958333333 1.3865 -0.43625311720698257 -0.35578125 1.35 0
0.2869357855361596 -0.6806218749999999 1.509 0.05762468827930175 -0.29476875 1.422 1
