0.10362531172069826 -0.5622947916666666 1.583 -0.13678460099750625 -0.17841197916666665 1.4155 0
0.8122454280964256 -0.14636354166666668 1.979 0.4433837281795512 0.3457161458333333 1.8965 1
0.11027431421446385 -0.5164500000000001 1.584 -0.12069669576059851 -0.1180828125 1.3995 0
0.224231608478803 -0.6775651041666666 1.5305 -0.004427992518703242 -0.2855796875 1.4205 1
0.232551433915212 -0.5900671875000001 1.5435 -0.024835827098919367 -0.18014375 1.406 0
0.23384975062344138 -0.6395114583333332 1.531 0.027866271820448877 -0.24554218749999998 1.4115 0
0.7828969243557773 0.09047916666666667 2.02 0.41097204904405654 0.5838286458333334 1.8745 1
0.03273171238570241 -0.7894552083333333 1.853 -0.2850467581047382 -0.331340625 1.683 1
0.9207185162094763 -0.2594109375 1.9305 0.5889697630922694 0.22862239583333335 1.9085 0
0.8626740440565254 -0.21773385416666666 1.9535 0.4924890897755611 0.2756109375 1.9035 1
