-0.5648472568578554 0.27173437500000003 1.683 -0.6672173732335828 0.24694791666666668 1.57 1
0.3084865960099751 -0.0017671874999999999 1.6965 0.1683354114713217 -0.056252083333333334 1.742 1
0.08958385286783042 0.3292953125 1.6905 -0.030117414796342477 0.282390625 1.705 1
-0.2615705527847049 -0.09679427083333333 1.6895 -0.3828148379052369 -0.13694062499999998 1.623 1
-0.6734299667497923 0.07162604166666668 1.463 -0.7396025561097257 0.04280260416666667 1.3255 1
0.47544576059850374 0.10099687500000001 1.701 0.3235790731504572 0.042633854166666665 1.7795 0
0.22713061097256856 0.08295989583333332 1.6945 0.09878169160432253 0.030608854166666664 1.7285 0
0.04390066500415628 0.08626041666666667 1.69 -0.0859180174563591 0.0791015625 1.6875 0
0.1741552369077307 -0.005290625000000001 1.693 0.0337889650872818 -0.0695296875 1.7115 0
0.22627649625935164 -0.5876671875 1.2735 0.16589152119700748 -0.6287187500000001 1.298 1
