0.22679551122194513 0.0898875 1.692 0.14493142144638405 0.04843125 1.722 0
0.6802135286783043 -0.32649218750000003 1.3225 0.6409164588528679 -0.34425625000000004 1.338 0
0.2185941396508728 -0.5830468749999999 1.275 0.1827769118869493 -0.6024307291666667 1.2655 0
-0.6773950540315877 0.08088020833333334 1.465 -0.7134907522859518 0.05972760416666667 1.3985 1
-0.6622324397339984 0.10512760416666667 1.3825 -0.6868968204488778 0.08384322916666666 1.3195 1
0.3821851620947631 0.114765625 1.695 0.30987531172069827 0.09265 1.744 1
-0.7313055901911887 -0.5828901041666666 1.3355 -0.7510130922693267 -0.606240625 1.257 1
0.8247178927680798 -0.16796510416666666 1.5655 0.7615773067331671 -0.18870625 1.662 1
0.08984881546134664 0.6658369791666666 1.6955 0.023233582709891936 0.639625 1.72 1
-0.19625415627597673 -0.25340729166666665 1.511 -0.2548831047381546 -0.26747447916666667 1.4345 0
