0.3233182668329177 -0.5149828125 1.5795 0.07734258104738155 -0.1079421875 1.4595 1
0.651335203657523 -0.5969531250000001 1.415 0.4298794679966749 -0.1897375 1.412 0
0.2151106608478803 -0.6245817708333334 1.5335 -0.016104530340814632 -0.23630104166666668 1.409 0
0.09719918952618455 -0.5169390625 1.5855 -0.13790004156275978 -0.11496145833333334 1.397 0
0.3243516209476309 -0.5827791666666666 1.508 0.1094529301745636 -0.1799515625 1.4045 0
0.21922277639235246 -0.5855208333333334 1.54 -0.01604738154613466 -0.1828125 1.404 0
-0.21915056109725686 -0.6303765625000001 1.3785 -0.38379312136325855 -0.2782057291666667 1.1365 1
0.897259455527847 -0.26075468749999997 1.9405 0.5334439941812137 0.23657447916666668 1.9085 1
0.09032366999168745 -0.5679921875 1.5805 -0.14723919368246052 -0.170990625 1.403 0
0.7683811305070656 0.08652708333333332 2.026 0.3950737738985869 0.5872635416666667 1.873 1
