0.6393318786367415 -0.599484375 1.421 0.4273140066500416 -0.21196770833333334 1.423 1
-0.07069357855361597 -0.7759390624999999 1.7445 -0.3344622817955112 -0.33833281249999997 1.4565 0
0.5583821695760599 0.11979687500000001 2.091 0.21874376558603492 0.622940625 1.863 0
0.7834793225270158 -0.1554296875 1.9895 0.407482855361596 0.35719218750000004 1.8945 1
0.08019014962593517 -0.5725781249999999 1.575 -0.2430309642560266 -0.211421875 1.933 0
0.08698410224438903 -0.5182734375 1.5795 -0.14897755610972566 -0.11165 1.392 0
0.20729270573566086 -0.5332203125 1.5465 -0.024668017456359104 -0.13237656250000002 1.3965 0
0.20975789692435576 -0.592321875 1.541 -0.021867206982543644 -0.18268229166666666 1.403 1
0.8869861803823774 -0.26534322916666664 1.9445 0.5178506857855362 0.2406765625 1.9095 1
-0.22960567331670823 -0.6304921875 1.3725 -0.45500311720698255 -0.3438177083333333 1.315 0
