0.28894170822942644 -0.5509296874999999 1.8175 0.008564526184538653 -0.08414218749999999 1.6485 0
0.6327571695760599 -0.6018088541666666 1.4195 0.3854545926849543 -0.17190468750000001 1.4105 0
0.06709788029925187 -0.5725781249999999 1.575 -0.16639391105569412 -0.16971093750000002 1.3925 0
0.48448410224438904 -0.5580734374999999 1.8285 0.1799672693266833 -0.08200781250000001 1.7495 1
0.19637312967581047 -0.5873911458333333 1.5365 -0.030570448877805488 -0.18534062499999998 1.401 1
0.19393443474646715 -0.5350546875000001 1.5425 -0.030472256857855366 -0.1352859375 1.3965 0
0.803004467996675 -0.22029739583333333 1.9765 0.44909393183707397 0.2836166666666667 1.904 1
0.8771129467996676 -0.2700869791666667 1.9495 0.5183930798004988 0.23694635416666668 1.9115 1
0.7381437032418953 0.07845156249999999 2.0355 0.37930174563591024 0.5830500000000001 1.872 1
0.5382839775561097 0.0108359375 2.0805 0.17672381546134663 0.5276031250000001 1.869 0
