0.06709788029925187 -0.516796875 1.575 -0.16478075644222778 -0.116353125 1.379 1
0.28994233167082295 -0.5172890625000001 1.5765 0.046561201163757275 -0.10991822916666667 1.4455 1
0.18776652119700749 -0.5357484375 1.5445 -0.0390102867830424 -0.1376015625 1.3905 0
0.6184429551122196 -0.6022328125 1.4205 0.40489921030756443 -0.21993020833333335 1.417 1
0.057224127182044886 -0.5720328124999999 1.5735 -0.1741323773898587 -0.17168229166666665 1.385 1
0.866955527847049 -0.2707104166666667 1.954 0.49853127597672486 0.23296406249999999 1.9115 1
0.19029613466334164 -0.5883468749999999 1.539 -0.0533624272651704 -0.1865125 1.388 0
0.23056577306733167 -0.6839921875 1.5095 0.0014749584372402327 -0.2972078125 1.4195 1
0.17905756442227763 -0.6814843749999999 1.525 -0.04790211970074813 -0.26339270833333334 1.397 0
0.7267009559434747 0.07858645833333334 2.039 0.35576995012468826 0.5866364583333333 1.871 1
