0.047052680798004995 -0.6294796875 1.5615 -0.1819752701579385 -0.21115937499999998 1.379 0
0.7535728387364922 0.17762864583333335 2.0545 0.3790991271820449 0.684084375 1.871 1
0.06043640897755611 -0.5190875 1.572 -0.1727493765586035 -0.11879375000000002 1.374 0
0.629242518703242 -0.09982604166666668 2.039 0.25603802992518704 0.40559062500000004 1.881 1
0.45179551122194517 -0.590175 1.464 0.2609486699916875 -0.20021979166666667 1.403 0
0.05376558603491272 -0.5733 1.568 -0.18184330839567747 -0.17368541666666668 1.378 0
0.18360089359933499 -0.5937932291666667 1.5365 -0.04488622194513715 -0.1930578125 1.3935 1
0.18111232335827102 -0.5350546875000001 1.5425 -0.04737063591022444 -0.13958906249999997 1.3815 0
0.7189307980049876 0.07866354166666666 2.041 0.34392144638403993 0.5824270833333334 1.87 1
-0.03211346633416459 -0.78969375 1.818 -0.3434585411471322 -0.3271869791666667 1.6445 1
