0.20135234829592685 -0.5188192708333333 1.6015 -0.03476049459684123 -0.10151197916666667 1.4545 0
0.26871934746467163 -0.5519692708333334 1.8085 -0.03270313798836243 -0.08455052083333334 1.6565 0
0.8453943266832917 -0.27569531249999996 1.9605 0.4738279301745636 0.22856249999999997 1.908 1
0.17756078553615962 -0.5372213541666667 1.5395 -0.05284341230257689 -0.1331546875 1.3745 0
0.17243609725685785 -0.6867109374999999 1.5225 -0.06775820864505402 -0.3462651041666667 1.5905 0
0.17652275561097258 -0.5914744791666667 1.5305 -0.06719866999168744 -0.18776666666666664 1.376 0
0.6209200955943475 -0.10409947916666666 2.0395 0.24379156275976727 0.40081770833333336 1.877 1
0.7109699709060682 0.07446614583333333 2.0425 0.33930798004987534 0.58506875 1.866 1
0.5096976309226933 -0.5953802083333334 1.447 0.293125 -0.2061390625 1.4035 1
0.6197490648379053 -0.6064703125 1.4235 0.394667497921862 -0.21915416666666665 1.412 1
