0.27446695760598505 -0.522628125 1.563 0.03137780548628429 -0.10335625 1.438 0
0.04380766832917706 -0.5741765625 1.5615 -0.19168485037406485 -0.16654218750000002 1.3665 1
0.8625384455527848 -0.5469781250000001 1.733 0.5813642975893599 -0.06802604166666666 1.765 0
0.050523171238570246 -0.5244671875 1.5685 -0.1860733582709892 -0.11818854166666666 1.367 1
0.8486019326683292 -0.27949427083333334 1.9585 0.4651652119700748 0.236140625 1.905 1 
0.17294576059850372 -0.5933031249999999 1.527 -0.05580112219451372 -0.185034375 1.377 1
0.17385182876142977 -0.542046875 1.535 -0.05563902743142145 -0.13300937499999999 1.373 0
0.04028990024937656 -0.631709375 1.551 -0.19495168329177057 -0.22111718749999998 1.3695 1
0.6117326475477972 -0.6073223958333334 1.4255 0.3700098711554447 -0.20672656250000002 1.4075 0
0.19771508728179552 -0.514678125 1.599 -0.05016884871155445 -0.08478177083333334 1.3795 0
