0.0436673940149626 -0.5755807291666667 1.5565 -0.19642560266001666 -0.16291666666666668 1.36 1
0.037042809642560265 -0.6313020833333334 1.55 -0.1996181421446384 -0.2171484375 1.3625 1
0.8376730049875313 -0.2758359375 1.9615 0.45712749376558603 0.23607864583333335 1.9045 1
0.6985780340814629 0.07024531249999999 2.0435 0.31460151704073147 0.6017526041666666 1.8575 1
0.608205008312552 -0.10409947916666666 2.0395 0.2311621986699917 0.41090052083333334 1.8695 1
0.17266261429758936 -0.5923317708333333 1.5245 -0.061390274314214476 -0.18176875 1.374 1
0.21642923940149625 -0.6883734374999999 1.4985 0.004314214463840399 -0.281125 1.384 0
0.9147106192851205 0.38084114583333334 2.0425 0.5438575436408978 0.8958515625 1.8495 0
0.1650716957605985 -0.6855781249999999 1.513 -0.07026184538653366 -0.2745625 1.38 1
0.609197319201995 -0.6047765625 1.4265 0.3844981296758105 -0.191996875 1.407 0
