0.25417030340814634 -0.5449494791666667 1.7855 -0.03785536159600998 -0.07755000000000001 1.584 0
0.16932772236076474 -0.5885760416666667 1.523 -0.06957450124688279 -0.1750828125 1.3665 1
0.4328008104738155 -0.5891671875 1.4615 0.20957502078137988 -0.18981354166666667 1.391 1
0.046932148794679975 -0.5175442708333333 1.5575 -0.19462022028262674 -0.10246614583333333 1.3475 0
0.03717425187032419 -0.5719703125 1.5555 -0.18088684538653366 -0.14479010416666666 1.3495 0
0.16703553615960098 -0.5342552083333333 1.531 -0.06939630091438072 -0.123521875 1.363 0
0.19017300498753115 -0.5056328124999999 1.5915 -0.06398846633416459 -0.07840364583333333 1.3685 0
0.6904223815461348 0.0787984375 2.0445 0.31023950540315876 0.6007807291666667 1.8545 1
0.6201007896924356 -0.5253177083333334 1.445 0.40673004987531175 -0.13299270833333335 1.403 0
-0.12145261845386533 -0.7711229166666667 1.694 -0.41247921862011644 -0.31676458333333335 1.498 1
