0.6819248753117209 0.08731718750000002 2.0445 0.29426745635910223 0.6073593749999999 1.851 1
0.0273176433915212 -0.6169890625 1.5465 -0.21750571487946802 -0.20960885416666666 1.3505 1
0.04043277223607648 -0.5107265625 1.5565 -0.29816240648379055 -0.15433802083333334 1.8755 0
0.18985972568578555 -0.506996875 1.617 -0.07497869908561929 -0.07800260416666666 1.3615 0
0.030699293433083957 -0.5653072916666666 1.555 -0.32000467581047387 -0.2158140625 1.8665 0
0.2472334788029925 -0.5342578124999999 1.7625 -0.05171498337489609 -0.06856822916666666 1.6055 0
0.1629977140482128 -0.5790572916666666 1.523 -0.07826527431421446 -0.1726140625 1.3695 1
0.8159102244389027 -0.26035 1.968 0.4000306525353284 0.2706463541666667 1.8965 0
0.1605148586866168 -0.5273588541666667 1.5295 -0.08031172069825437 -0.1200625 1.356 0
0.8846747714048213 -0.5630739583333334 1.727 0.6104790108063175 -0.09799479166666665 1.775 0
