-0.5646794472152951 0.2751588541666667 1.6825 -0.6645890482128014 0.2340880208333333 1.5715 1
0.08612167497921862 0.32949010416666663 1.6915 -0.0337001246882793 0.27916562500000003 1.707 1
0.3505055070656692 -0.1765005208333333 1.5545 0.25307876142975894 -0.226828125 1.613 1
0.30152431421446385 0.10783020833333334 1.697 0.17259715295095593 0.05646197916666666 1.7485 1
0.4721882793017456 0.09751041666666667 1.702 0.34360712801330007 0.03537760416666667 1.7875 1
0.22367518703241898 0.079453125 1.695 0.10258104738154614 0.034279166666666666 1.732 1
0.22583229426433912 -0.5891614583333332 1.271 0.16614713216957608 -0.6296875 1.3 1
0.9577727556109725 0.2056223958333333 1.7165 0.8368381130507067 0.1693802083333333 1.913 0
0.48379208229426435 -0.5873765624999999 1.2285 0.4769747506234414 -0.6361203125 1.3785 1
0.17068734413965087 0.2169796875 1.6935 0.048338528678304245 0.166915625 1.723 1
