-0.13860297173732333 -0.7580661458333332 1.6885 -0.42789432668329175 -0.3098921875 1.4655 1
0.2558754156275977 -0.5048609374999999 1.5685 -0.0014676849542809643 -0.08680989583333334 1.4125 1
0.17799979218620116 -0.495309375 1.601 -0.08306837073981711 -0.07480729166666666 1.355 0
-0.20359517871986701 -0.7861041666666666 1.94 -0.5685136118038239 -0.2788296875 1.6835 1
0.12006961762261013 -0.4092572916666667 2.101 -0.26647443890274314 0.136453125 1.845 1
0.15420822942643392 -0.52115625 1.53 -0.05193994181213633 -0.105546875 1.351 0
0.8052743142144638 -0.25266249999999996 1.972 0.41634351620947635 0.25913437500000003 1.899 1
0.15697630922693268 -0.57701875 1.526 -0.0886346633416459 -0.15091458333333335 1.354 0
0.14925187032418955 -0.669375 1.512 -0.09509767248545305 -0.26039375000000003 1.366 1
-0.06983634663341645 -0.7776890625 1.8165 -0.39808499584372403 -0.29889270833333337 1.603 1
