0.23242518703241896 -0.52200625 1.734 -0.07296238570241063 -0.059536458333333334 1.633 0
0.3099376558603491 -0.4357791666666666 1.876 -0.019476309226932668 0.058575 1.704 1
0.02735297173732336 -0.5048755208333333 1.5485 -0.21672329592684955 -0.09271822916666667 1.3285 1
0.17027535328345803 -0.492215625 1.591 -0.09174719451371571 -0.07991406250000001 1.4475 1
0.11112531172069826 -0.408478125 2.097 -0.29618142144638404 0.109190625 1.839 0
0.2506281172069825 -0.5041515625 1.5765 -0.016058811305070655 -0.06000520833333334 1.405 0
0.1473176433915212 -0.5224588541666667 1.5245 -0.10454332917705736 -0.11598385416666666 1.3415 0
0.14994285120532003 -0.574371875 1.519 -0.09408821695760598 -0.1675296875 1.3515 1
0.5860972568578553 -0.5875625 1.428 0.3530860349127182 -0.19534375 1.41 1
0.1425893599334996 -0.6676041666666667 1.508 -0.10312084372402328 -0.2591546875 1.3595 1
