0.4374142768079801 -0.16898593750000002 2.0535 0.04023690773067332 0.3361458333333333 1.844 0
-0.14707709891936824 -0.781659375 1.939 -0.5072599750623442 -0.281728125 1.701 0
0.017710411471321696 -0.4987453125 1.5495 -0.2307008520365752 -0.11771614583333333 1.3295 0
0.644788029925187 0.10453333333333334 2.048 0.26199968827930176 0.6154171875000001 1.8405 1
0.8764271612635078 0.10643593749999998 2.0035 0.4953475685785536 0.6095348958333333 1.8695 0
0.14098140066500414 -0.5129307291666667 1.5245 -0.10962645469659185 -0.11824739583333334 1.3355 0
0.16458852867830426 -0.48833333333333334 1.6 -0.09367051122194514 -0.0686765625 1.3455 1
0.2239832709891937 -0.5214598958333334 1.7815 -0.0819466957605985 -0.0620328125 1.6095 0
0.14372402327514547 -0.5684166666666666 1.52 -0.09700436408977556 -0.170534375 1.353 1
0.7824672693266832 -0.2450036458333333 1.9765 0.36379104322527017 0.25036197916666664 1.8925 0
