0.23934850374064837 -0.484790625 1.567 -0.018836762261014134 -0.08570364583333334 1.3945 1
-0.09588996259351622 -0.7558432291666667 1.8095 -0.41970074812967584 -0.29865 1.584 1
-0.28219451371571075 -0.5999666666666668 1.312 -0.44394066916043223 -0.25970260416666663 1.0345 1
-0.1576272859517872 -0.7403921874999999 1.7045 -0.4500223399833749 -0.3093151041666667 1.4485 1
0.21873545303408146 -0.5067447916666666 1.769 -0.07276600166251039 -0.07294791666666667 1.49 0
0.1379036783042394 -0.5037328125 1.5255 -0.10145209891936824 -0.11285156249999999 1.3375 1
0.16282574812967582 -0.47960156249999997 1.6155 -0.08791251039068994 -0.082353125 1.387 1
0.1407964463840399 -0.5598359375 1.5225 -0.09043536990856192 -0.14924270833333333 1.339 0
0.7828631546134663 -0.2286484375 1.9775 0.3873883000831255 0.26613281250000004 1.8925 1
0.621828761429759 -0.4388166666666667 1.808 0.2750311720698254 -0.012614583333333334 1.73 0
