1.0901387157107232 -0.4617484375 1.7115 0.7493438279301746 -0.0055921875 1.7895 0
0.21317539484621778 -0.4998916666666667 1.784 -0.08871882793017456 -0.058734375 1.611 0
0.131261429758936 -0.4930645833333333 1.522 -0.11676018287614298 -0.09501875 1.322 0
0.15321228179551122 -0.4640890625 1.5855 -0.10605101828761429 -0.08698593749999999 1.3255 0
0.1338944305901912 -0.5479708333333334 1.516 -0.10407574812967581 -0.16554635416666666 1.3355 1
0.17329332917705736 -0.7215130208333334 1.5025 -0.07270573566084788 -0.3387125 1.372 1
0.8692092684954281 0.0062093750000000005 1.987 0.4817321280133001 0.49075729166666665 1.877 1
-0.2856811097256857 -0.5960859374999999 1.3155 -0.44499064837905233 -0.2620989583333333 1.027 1
0.12679395261845386 -0.6418317708333333 1.5065 -0.11383260598503742 -0.2634557291666667 1.3525 0
-0.09929239401496259 -0.7456156249999999 1.803 -0.41978802992518705 -0.2996625 1.572 1
