0.19269014962593517 -0.391296875 1.585 -0.04469295511221945 0.0072265625 1.3875 0
0.15015378221113884 -0.4582041666666667 1.588 -0.1008073566084788 -0.065065625 1.329 0
0.20935058187863673 -0.49218229166666666 1.783 -0.1093859102244389 -0.043515624999999995 1.671 0
0.6257715087281797 0.1339734375 2.0415 0.24489089775561096 0.618515625 1.827 1
0.7666188694929343 -0.21222291666666668 1.978 0.38173316708229427 0.2688625 1.884 1
-0.10690461346633416 -0.7389218750000001 1.805 -0.4215747090606816 -0.29861406250000005 1.5665 1
0.13048524522028263 -0.5405822916666666 1.513 -0.10395885286783044 -0.16536041666666668 1.334 1
0.16983115128844556 -0.7169484374999999 1.4995 -0.07241427680798006 -0.33735468750000003 1.3665 1
0.12333489193682459 -0.6338671874999999 1.5025 -0.11969243557772236 -0.32569166666666666 1.496 0
-0.2882715087281796 -0.5874817708333333 1.3025 -0.5324340191188695 -0.3191994791666667 1.2715 0
