0.12784600997506235 -0.47626979166666666 1.519 -0.10557096841230257 -0.12507760416666666 1.3195 1
0.5308712593516209 -0.0233234375 2.0355 0.15005403158769742 0.4474791666666667 1.828 1
-0.007917705735660849 -0.6175375 1.524 -0.24439526184538657 -0.24774375 1.314 1
0.12717269326683292 -0.5304239583333333 1.511 -0.10384195760598504 -0.1623984375 1.3325 1
-0.10631234413965088 -0.723609375 1.795 -0.4497802369077307 -0.2957546875 1.5515 0
0.7623155652535328 -0.19980989583333333 1.9775 0.3769155236907731 0.26822031249999995 1.8795 1
0.6207678719866999 0.15080104166666666 2.039 0.2442206982543641 0.6130270833333333 1.822 1
1.184591645885287 0.44917812500000004 1.969 0.8091723815461347 0.9050203125 1.8765 1
0.5724703865336658 -0.5469296875 1.4385 0.338801433915212 -0.1893359375 1.3875 1
0.586060889443059 -0.471546875 1.465 0.360303927680798 -0.1165640625 1.3815 0
