0.0015939318370739818 -0.4490145833333334 1.534 -0.34995064422277644 -0.12326302083333333 1.8205 0
0.14228802992518705 -0.4344895833333334 1.574 -0.10275093516209477 -0.0645515625 1.3185 0
-0.011073877805486283 -0.6042421875 1.5225 -0.32003584788029926 -0.3010921875 1.5795 0
-0.29199397339983374 -0.5652135416666667 1.295 -0.4361944098088113 -0.22924635416666667 0.9695 0
-0.1141531587697423 -0.7110197916666666 1.801 -0.43450748129675815 -0.29315625 1.59 0
0.8590009351620947 0.039236979166666665 1.9825 0.47052213216957606 0.49887447916666666 1.8635 1
0.12452514546965918 -0.46616145833333333 1.517 -0.10769742310889445 -0.1107 1.312 0
0.12399158354114713 -0.5176609375 1.5105 -0.10557096841230257 -0.1608140625 1.3195 1
0.5857434538653367 -0.035779687500000004 2.0205 0.21170043640897757 0.41872343749999996 1.8355 1
0.11701215710723194 -0.6115484375 1.5015 -0.1145303408146301 -0.2559166666666667 1.328 1
