0.6285801122194514 -0.4851609375 1.7845 0.2455346009975062 -0.0753515625 1.6075 0
0.13449553200332504 -0.42398906250000007 1.5595 -0.11715710723192022 -0.058050000000000004 1.296 1
-0.014205112219451371 -0.5996885416666665 1.519 -0.24766988778054863 -0.2510026041666667 1.3025 1
-0.12146976309226934 -0.7025390625 1.7985 -0.4293251246882793 -0.29821614583333333 1.5475 1
1.0747308811305072 -0.42128645833333334 1.721 0.7519181213632585 -0.009260416666666667 1.778 1
0.19567747298420615 -0.4565 1.76 -0.09177213216957607 -0.059720312500000004 1.5495 1
0.1137401288445553 -0.6044859375 1.4995 -0.11689266417290108 -0.2578067708333333 1.3235 1
0.6101911886949294 0.17568333333333333 2.032 0.24637364921030758 0.65046875 1.81 0
0.5167809642560266 -0.0021145833333333333 2.03 0.13016365336658353 0.45198385416666664 1.8155 0
0.11783042394014963 -0.45832500000000004 1.512 -0.1099610349127182 -0.11023593749999999 1.3065 1
