0.563910536159601 -0.0105078125 2.0175 0.20240388611803822 0.4228869791666667 1.8205 1
0.6947838736492102 -0.027029166666666667 1.996 0.31520417705735665 0.41557760416666667 1.8385 1
0.18868349958437242 -0.446259375 1.763 -0.08889650872817956 -0.009902083333333334 1.358 0
0.13411627182044888 -0.42327343749999996 1.5935 -0.11388975477971738 -0.0765640625 1.2895 0
0.5584923108894432 -0.5208614583333334 1.441 0.3306343516209476 -0.18223177083333333 1.3775 1
0.11411938902743142 -0.5062015624999999 1.5045 -0.11211554447215295 -0.16114583333333335 1.3 1
0.7413928719866999 -0.1667671875 1.9765 0.35773586866167917 0.2772114583333333 1.861 1
0.11136169991687449 -0.44813281250000003 1.5095 -0.10088061097256859 -0.1011328125 1.2945 0
0.4854732959268495 -0.5107953125 1.4465 0.2610453034081463 -0.17399375000000003 1.358 1
0.6011533665835411 0.18819791666666666 2.03 0.22256857855361598 0.628125 1.8 1
