-0.5676693682460516 0.27141145833333336 1.681 -0.6809185369908562 0.23622916666666666 1.564 0
0.38156691604322523 -0.1334375 1.708 0.26005299251870323 -0.18674479166666663 1.775 1
0.08614713216957606 0.3295875 1.692 -0.0302322319201995 0.2905984375 1.7115 0
0.42453293848711554 -0.0694484375 1.7095 0.24495272236076476 -0.14216927083333333 1.7725 0
-0.029817123857024105 -0.008791666666666666 1.688 -0.168268391521197 -0.0260859375 1.6695 0
-0.23058395677472984 0.6476020833333334 1.694 -0.3460692019950125 0.605840625 1.657 0
-0.06432876142975893 -0.3381770833333333 1.51 -0.14751246882793018 -0.37493125 1.434 0
0.14605205735660848 0.2416765625 1.6935 0.012503117206982545 0.19159687500000003 1.719 1
0.2237177888611804 -0.5905520833333334 1.274 0.1639484621778886 -0.6289083333333334 1.304 0
-0.7930070656691603 0.6488645833333333 1.67 -0.8908847672485454 0.6180651041666666 1.5175 0
