0.10117414796342478 -0.5414645833333334 1.498 -0.10123129675810474 -0.21785312499999998 1.299 0
0.49483322942643393 0.0274421875 2.0265 0.1325716957605985 0.462353125 1.797 1
0.7298082917705735 -0.1504484375 1.9785 0.35619804655029097 0.28760104166666667 1.853 1
-0.029870116375727347 -0.5752552083333333 1.513 -0.249197319201995 -0.2418046875 1.2825 1
0.37022028262676643 -0.07422916666666667 2.036 -0.005576683291770574 0.352209375 1.789 1
0.10463528678304239 -0.49004062499999995 1.503 -0.11155496674979219 -0.15495052083333333 1.2935 1
-0.1395729426433915 -0.677221875 1.791 -0.4334413965087282 -0.28809166666666663 1.528 1
0.38175135078969247 0.1475234375 2.0525 -0.001832917705735661 0.5641125 1.764 0
0.548555174563591 -0.5109671874999999 1.4385 0.3210172485453034 -0.18571979166666666 1.361 1
1.0560998545303408 -0.39860572916666664 1.7315 0.7427524937655859 0.005515625 1.765 1
