0.1497038653366584 0.037078124999999997 1.695 0.012474023275145471 -0.0017864583333333335 1.715 0
0.2913731296758105 -0.0088515625 1.6995 0.1507091645885287 -0.0564296875 1.7475 1
-0.26843360349127177 -0.10377239583333334 1.6885 -0.44276807980049876 -0.095475 1.608 0
0.08267975893599334 0.3262552083333333 1.693 -0.03024989609310058 0.28363281249999994 1.7125 0
-0.567838216957606 0.2714921875 1.6815 -0.682637676641729 0.2291984375 1.5605 1
0.5125966334164589 0.30761562500000006 1.707 0.3666380922693267 0.2582307291666667 1.8095 1
0.3483920407315046 -0.17706822916666667 1.5595 0.22356452618453868 -0.1881328125 1.5705 0
0.7045277431421447 -0.2514453125 1.5375 0.5910099750623442 -0.30058749999999995 1.668 1
-0.8548316708229426 0.6457562499999999 1.662 -0.959093931837074 0.6186583333333334 1.496 1
-0.036843827930174565 -0.008794270833333333 1.6885 -0.16484829592684955 -0.05044791666666667 1.67 1
