0.07571020365752286 0.32301406250000003 1.6945 -0.0550327306733167 0.2829703125 1.7085 1
-0.5741432876142977 0.2676703125 1.6795 -0.6889027431421446 0.23562500000000003 1.56 1
0.29163029925187034 -0.012403125 1.701 0.1472459476309227 -0.05284947916666667 1.7495 1
0.21707761845386533 0.07607864583333333 1.6985 0.08114869077306733 0.0343484375 1.7355 1
0.29525197423108895 0.1010265625 1.7015 0.14758260598503742 0.0895015625 1.7535 0
0.5065383416458853 0.3046828125 1.7105 0.3633790523690773 0.2623625 1.812 0
-0.06880455112219451 -0.3418171875 1.4715 -0.15290627597672488 -0.36576770833333333 1.457 0
-0.04036471321695761 -0.012315625 1.689 -0.13437396093100581 -0.06473072916666667 1.6795 0
0.8959600997506234 0.423 1.728 0.7264728802992519 0.3691328125 1.9155 1
0.15331670822942642 -0.012366666666666666 1.696 0.019636325852036576 -0.05547708333333333 1.718 1
