-0.27520677472984206 -0.10719479166666666 1.687 -0.3990632793017457 -0.1367296875 1.6205 0
0.21367362842892768 0.0761234375 1.6995 0.0666645885286783 0.03793125 1.734 0
0.43002545719035745 -0.2451984375 1.5385 0.31448410224438905 -0.2646921875 1.6185 0
0.09689578137988362 0.2808171875 1.6955 -0.03740024937655861 0.2446020833333333 1.714 0
-0.04387468827930175 -0.005278125 1.689 -0.17204644638403993 -0.047039062500000006 1.6725 1
0.18889546965918538 0.10795729166666668 1.699 0.06668381130507066 0.052396354166666666 1.7345 0
0.8926272859517872 0.25387343749999997 1.7285 0.7300722152950957 0.20540989583333333 1.9145 1
0.17119129260182875 0.2742369791666667 1.6985 0.03418381130507066 0.23627760416666668 1.7315 0
0.46005870739817123 0.0908171875 1.7095 0.31138975477971736 0.020561979166666668 1.7945 0
0.16408354114713217 0.21048124999999998 1.698 0.023334891936824604 0.17454947916666666 1.7275 1
