0.1897293225270158 -0.07288177083333333 1.7065 0.04114141729010807 -0.08428177083333334 1.7215 0
0.2102036575228595 0.0796875 1.7 0.05957761845386534 0.045247395833333336 1.7375 1
-0.2784647755610973 -0.10358802083333334 1.6855 -0.40330008312551957 -0.1336416666666667 1.624 1
0.5003049667497922 0.30878697916666664 1.7135 0.2977945760598504 0.2534765625 1.8025 0
0.45690669160432257 0.09446145833333335 1.711 0.31260442643391523 0.05817343750000001 1.8015 1
0.6985582917705736 -0.2527536458333334 1.5455 0.5774615544472154 -0.28508020833333336 1.679 1
1.0914650872817955 0.43005625 1.742 0.9395573566084788 0.38784375 1.97 1
0.6882543640897756 -0.29754166666666665 1.544 0.5691240648379052 -0.329765625 1.675 0
-0.05089463840399003 0.18825312500000002 1.689 -0.17641417290108063 0.162846875 1.681 1
-0.04737063591022443 -0.008794270833333333 1.6885 -0.1758894430590191 -0.04015416666666667 1.676 1
