0.36563019534497093 -0.13767760416666666 1.7165 0.2401995012468828 -0.15866666666666665 1.792 1
0.28185162094763094 0.10129375 1.706 0.13739089775561097 0.07896770833333333 1.763 0
0.33325280548628433 -0.18089531250000002 1.5645 0.228927680798005 -0.2023 1.632 0
0.4941905652535329 0.30584062500000003 1.717 0.3461673940149626 0.2901421875 1.8205 1
0.06522288029925187 0.3233953125 1.6965 -0.07301953449709062 0.3088770833333333 1.714 0
0.13236440149625933 0.03715468749999999 1.6985 -0.005377182044887781 0.0053906250000000005 1.725 0
0.1505985037406484 -0.19977499999999998 1.464 0.06058291770573567 -0.21646354166666668 1.495 0
0.20337697423108894 0.07623541666666665 1.702 0.06706826683291771 0.0526984375 1.7445 0
0.33015897755610973 -0.26382812499999997 1.535 0.1974231088944306 -0.25175000000000003 1.52 0
0.6939261221945138 -0.2534078125 1.5495 0.5648472568578554 -0.306796875 1.683 0
