0.33052888611803827 -0.18118437499999998 1.567 0.23708281379883625 -0.19663802083333334 1.6415 0
0.13244233167082295 0.033635937500000004 1.6995 -0.012572215295095593 0.02340677083333333 1.7285 0
-0.28880143391521196 -0.10703593750000001 1.6845 -0.41795459268495433 -0.12044114583333335 1.6285 1
0.27484154197838734 -0.012443229166666665 1.7065 0.1339167705735661 -0.0275859375 1.7655 0
0.8807392975893599 0.20124531249999997 1.7405 0.7167690149625935 0.1861453125 1.9215 1
0.2249948046550291 0.14741145833333336 1.705 0.07836866167913549 0.13337708333333334 1.754 1
-0.6131764339152119 -0.5808156250000001 1.479 -0.7313902743142144 -0.61471875 1.422 0
-0.05442071903574397 -0.0158390625 1.6895 -0.19044420199501247 -0.0297765625 1.6815 1
0.1430798004987531 -0.0159375 1.7 -0.026870324189526184 -0.012570833333333333 1.724 0
-0.6938471529509559 0.06488072916666666 1.4485 -0.7685769950124688 0.0535640625 1.3185 1
