0.27185162094763093 0.10153125 1.71 0.12322319201995013 0.08665625 1.77 1
0.2753247090606817 -0.012465104166666666 1.7095 0.12682980049875311 -0.020269791666666665 1.769 1
0.061788237738985875 0.32387187500000003 1.699 -0.10151496259351621 0.33030208333333333 1.714 0
-0.2923020573566085 -0.1035265625 1.6845 -0.424592684954281 -0.11362083333333332 1.628 0
0.32380922693266834 -0.18433125 1.566 0.21313902743142146 -0.193159375 1.641 1
0.13979322527015794 0.21110104166666668 1.703 -0.0018064214463840399 0.1973921875 1.7385 1
0.4231966957605985 0.15215885416666666 1.7185 0.2649610349127182 0.13752135416666667 1.8085 1
0.08652899002493765 0.1079890625 1.6995 -0.05548368661679136 0.09868489583333333 1.7225 1
-0.6986596009975062 0.06175625 1.446 -0.7744404613466335 0.05614010416666667 1.3145 1
-0.06147911471321696 -0.012326562499999999 1.6905 -0.20092736907730674 -0.0157640625 1.6815 1
