0.12199033665835411 0.0372203125 1.7015 -0.02701059850374065 0.03068854166666667 1.733 1
-0.2954514754779718 -0.10340364583333335 1.6825 -0.4314915835411472 -0.11026302083333334 1.6285 1
0.3246363258520366 -0.18153125 1.57 0.2032793017456359 -0.1866625 1.644 1
0.3889495012468828 -0.07367187500000001 1.725 0.22530340814630093 -0.0728 1.792 0
0.48201423524522025 0.30358385416666667 1.7245 0.32161627182044883 0.2995265625 1.8315 1
0.2647443890274314 -0.012468749999999999 1.71 0.1196799667497922 -0.031379166666666666 1.772 0
-0.07447527015793849 -0.22716145833333332 1.525 -0.18162926018287615 -0.22641666666666668 1.52 1
-0.06495376142975894 -0.012319270833333333 1.6895 -0.20810162094763093 -0.019284375000000003 1.683 1
-0.49746882793017455 -0.5981625 1.404 -0.5509606192851205 -0.5997942708333334 1.2655 1
0.13979322527015794 0.21110104166666668 1.703 -0.009042497921862012 0.20487135416666666 1.7405 1
