-0.26172537406483787 -0.08628593749999999 1.6905 -0.32410224438902746 -0.1129375 1.668 1
-0.04599802576891105 -0.20830364583333333 1.5265 -0.06529977140482128 -0.2420609375 1.4615 0
0.3841017248545303 -0.1224390625 1.7035 0.32613933915211973 -0.1442984375 1.7535 1
-0.06443526600166251 -0.3261328125 1.5125 -0.1082247506234414 -0.3474994791666667 1.5095 1
-0.2382517664172901 -0.19772135416666667 1.5185 -0.2939869077306733 -0.21987187500000002 1.497 0
-0.19625415627597673 -0.2471114583333333 1.511 -0.23767144638403992 -0.27252604166666666 1.495 1
0.15109933499584374 -0.5817229166666666 1.222 0.16454956359102246 -0.5994921875 1.2875 0
0.6703475685785536 -0.5453203124999999 1.1925 0.7072397132169577 -0.5971328125 1.3425 0
0.17735868661679136 0.22709374999999998 1.69 0.1017814837905237 0.17364010416666667 1.7185 0
0.9093703241895262 0.22213541666666667 1.706 0.8284564630091439 0.20715677083333334 1.8245 1
