0.1292139443059019 -0.0159703125 1.7035 -0.027033977556109725 -0.012647395833333332 1.7345 1
0.11855881130507066 0.033705208333333334 1.703 -0.0377930174563591 0.0378875 1.732 1
0.3220900872817955 -0.18193593749999998 1.5735 0.21228595178719867 -0.17891666666666667 1.808 0
0.1898405029093932 0.07292447916666668 1.7075 0.030947630922693266 0.078475 1.752 0
0.2650540315876974 -0.012483333333333334 1.712 0.10121051537822112 -0.012913541666666665 1.771 0
1.0719227971737324 0.4220994791666667 1.7695 0.8770745012468828 0.42196510416666666 1.9955 1
0.6737713009143808 -0.2587890625 1.5625 0.5422433499584373 -0.25486770833333333 1.711 1
-0.5355486284289276 0.005212499999999999 1.668 -0.6674906483790524 0.011396874999999999 1.563 1
-0.7019892975893599 0.06152135416666667 1.4405 -0.7817425187032419 0.07522395833333334 1.313 1
-0.06850529925187032 -0.012326562499999999 1.6905 -0.23175498753117207 0.001746875 1.677 0
