0.31981556525353283 0.12000677083333335 1.7195 0.11288549459684122 0.13171979166666667 1.781 0
0.31595126766417286 -0.1821671875 1.5755 0.18901963840399003 -0.17505468749999997 1.7325 0
0.12944150041562758 0.21153489583333332 1.7065 -0.03433187863674148 0.21194062500000002 1.739 1
0.4763611803823774 -0.012614583333333334 1.73 0.2991874480465503 -0.009552083333333333 1.834 1
0.9182917705735661 0.35831250000000003 1.764 0.7240908146300915 0.37010729166666667 1.963 1
0.0760676433915212 0.11172656249999999 1.7025 -0.05578969243557772 0.13892083333333333 1.732 0
-0.7067477140482128 0.07040208333333334 1.438 -0.7946971113881962 0.06627760416666667 1.2985 1
0.4764988570241064 0.13159010416666667 1.7305 0.3034117830423941 0.13582447916666668 1.8365 0
-0.07206099334995844 -0.012333854166666667 1.6915 -0.24880870739817126 0.0052328125000000005 1.6745 0
-0.08089307980049876 -0.22738489583333335 1.5265 -0.19722828345802162 -0.2230296875 1.5185 1
