0.47358582709891944 0.308690625 1.733 0.2930751246882793 0.2784453125 1.8435 0
0.6702665211970075 -0.25994843749999996 1.5695 0.5416999168744805 -0.2471708333333333 1.732 0
0.16587125935162095 -0.07688489583333333 1.7165 -0.001811616791354946 -0.06719739583333334 1.7435 0
0.07252961346633416 0.1081796875 1.7025 -0.09502441812136325 0.11323593750000001 1.7255 0
0.42194513715710724 0.019799999999999998 1.728 0.24089619700748127 0.0209171875 1.8255 0
0.12593204488778056 0.21159687500000002 1.707 -0.04523846633416459 0.2122453125 1.7415 1
-0.07557616375727348 -0.012333854166666667 1.6915 -0.23929447215295097 -0.012257291666666666 1.681 1
-0.07559850374064839 0.1815375 1.692 -0.23950800083125523 0.18402343750000003 1.6825 1
0.8611019326683292 -0.0054984375 1.7595 0.7086746674979219 -0.010236979166666667 1.9655 0
-0.7087489609310058 0.07030416666666665 1.436 -0.7548056940980882 0.08039062500000001 1.225 1
