0.31426485868661674 -0.18309218749999998 1.5835 0.16801641729010808 -0.18580104166666667 1.667 0
0.37754208229426434 -0.0778703125 1.7385 0.17270521612635079 -0.10844843750000001 1.8265 0
0.472018391521197 0.30277447916666667 1.7405 0.2637079177057357 0.3068203125 1.8525 1
-0.30906951371571073 -0.10328072916666667 1.6805 -0.4599641521197007 -0.10303281249999999 1.6215 0
0.3389978179551122 -0.5956984375 1.2405 0.246720178719867 -0.5955432291666667 1.3265 1
0.2603350997506234 -0.5959828125000001 1.2465 0.16774470074812967 -0.5947265625 1.3125 1
0.6984071072319201 -0.22014270833333333 1.589 0.5230652535328346 -0.22473125 1.754 0
-0.07920822942643392 0.22057291666666667 1.694 -0.25706670822942645 0.226153125 1.683 1
0.6942658977556109 -0.5165536458333333 1.2305 0.5874989609310058 -0.5158947916666666 1.403 1
0.12622714048212802 0.208528125 1.711 -0.07065305486284289 0.20885677083333334 1.7435 1
