0.31456255195344973 -0.18326562500000002 1.585 0.13646872402327515 -0.18876302083333335 1.6625 1
0.4722895885286783 0.1251703125 1.7415 0.25270313798836247 0.10249427083333335 1.8565 0
-0.07573254364089776 0.18892187500000002 1.695 -0.2969046134663342 0.189728125 1.671 0
-0.6215819825436409 0.07429114583333334 1.4555 -0.7415835411471322 0.07447916666666667 1.3 1
0.672104634247714 -0.2619359375 1.5815 0.47256078553615954 -0.2668203125 1.7425 1
0.6546352867830424 -0.3437614583333333 1.579 0.46384975062344147 -0.34920937500000004 1.737 1
-0.7062811720698254 0.076021875 1.431 -0.9593620116375727 0.06815624999999999 1.454 0
0.2963040315876974 -0.2597197916666667 1.493 0.14083437240232752 -0.270465625 1.633 0
0.9115684746467165 0.07599947916666668 1.7795 0.6829488778054863 0.060718749999999995 2.01 0
0.8547947838736493 0.2397921875 1.7845 0.6156156483790525 0.2332390625 1.9815 1
