0.3413154613466334 -0.13940208333333332 1.738 0.13088061097256856 -0.1464203125 1.8255 0
0.1663544264339152 0.6509421875 1.7215 -0.04600477971737323 0.6438322916666667 1.771 1
0.04429031587697423 0.325015625 1.705 -0.1661611596009975 0.3170328125 1.7195 0
0.1801397547797174 0.07330885416666666 1.7165 -0.038436720698254365 0.06789114583333333 1.7615 1
0.21630299251870327 -0.35176875 1.542 0.03686357024106401 -0.34545572916666667 1.5425 1
0.1191157522859518 -0.012476041666666667 1.711 -0.08874376558603493 -0.023603125000000003 1.743 1
0.2524345386533666 -0.012563541666666667 1.723 0.03900405236907731 -0.02420572916666667 1.7875 0
0.15503428927680798 0.3447864583333333 1.715 -0.06384299667497922 0.33829947916666664 1.7555 0
-0.06917394014962594 0.652571875 1.707 -0.30343308395677476 0.6453083333333333 1.688 0
-0.07918485037406484 0.19228281249999998 1.6935 -0.2939588528678304 0.17960625 1.674 0
