-0.26508156691604323 0.6458817708333334 1.6895 -0.4633681421446384 0.6448921875 1.6335 1
0.2564609310058188 0.30384791666666666 1.726 0.031671862011637575 0.2932302083333333 1.793 1
0.31463684538653364 -0.34367031249999996 1.5065 0.1368973399833749 -0.35036458333333337 1.55 1
0.6645480049875312 -0.266153125 1.587 0.4664484621778886 -0.32291875000000003 1.694 0
0.12281483790523691 0.20877187500000002 1.713 -0.1103818578553616 0.18684843750000002 1.7415 0
0.6538289692435578 -0.34836979166666665 1.585 0.4162359725685786 -0.3554578125 1.6485 0
0.09090866583541148 0.6486734375 1.7155 -0.12510910224438904 0.6416510416666666 1.745 1
0.5072864713216958 0.6444140624999999 1.7625 0.26954436824605155 0.6331390625 1.8935 1
0.8516516001662511 0.4166151041666667 1.7935 0.6001314422277639 0.3934546875 1.9985 1
-0.08267975893599334 -0.008817708333333334 1.693 -0.29065357439734 -0.019192708333333332 1.675 1
