0.11216801745635911 -0.01963385416666667 1.7135 -0.12449968827930175 -0.045221354166666665 1.7365 1
-0.3191661471321696 -0.10315781250000002 1.6785 -0.5115071695760599 -0.1119109375 1.6035 0
0.853709476309227 0.40834375 1.79 0.5936019326683292 0.3904598958333334 2.0045 1
0.4671877597672486 0.3043401041666666 1.7495 0.2352987323358271 0.29827031249999997 1.8715 0
0.11607024106400664 -0.33729791666666664 1.414 -0.03812084372402327 -0.3470026041666667 1.4675 1
0.7669965710723192 -0.2659765625 1.5475 0.5620293017456358 -0.282653125 1.797 0
-0.08632533250207813 0.2172359375 1.6955 -0.2946612635078969 0.21499375 1.678 1
0.6594030548628429 -0.26674010416666666 1.5905 0.42404353699085623 -0.2791453125 1.7515 0
-0.08632533250207813 0.2737526041666667 1.6955 -0.2947490648379053 0.2710078125 1.6785 1
-0.08627441812136324 -0.012355729166666666 1.6945 -0.2975264962593517 -0.019186979166666666 1.6745 1
