0.46070500831255196 0.2939088541666666 1.7525 0.21956566916043227 0.28634375000000006 1.87 1
0.15989297589359933 0.6429718750000001 1.729 -0.042754571903574394 0.6093781249999999 1.789 0
0.23880299251870324 -0.019799999999999998 1.728 0.009297069825436408 -0.0279609375 1.7895 1
0.09792445968412304 0.0267734375 1.7135 -0.11066708229426434 0.05274375 1.746 0
-0.31897599750623445 -0.10659114583333333 1.6775 -0.5356483790523692 -0.09476250000000001 1.596 0
-0.11158302161263509 -0.3450390625 1.5125 -0.24719295511221948 -0.34511093750000005 1.4595 0
0.6608541147132171 -0.27064791666666665 1.594 0.4446415211970075 -0.284328125 1.761 1
0.8388424771404822 -0.0056187500000000005 1.798 0.5798004987531172 -0.03958333333333333 2.0 0
0.46057356608478806 0.122275 1.752 0.21938954696591856 0.11094218750000001 1.8685 1
-0.08984881546134664 0.21370364583333332 1.6955 -0.2982372194513716 0.2185546875 1.6785 1
