0.2294472152950956 -0.5807708333333333 1.22 0.21818630507065667 -0.5992473958333332 1.2425 1
0.15072838736492103 -0.5802947916666668 1.219 0.14021404821280134 -0.59965625 1.238 1
0.8304280964256028 -0.16454583333333334 1.564 0.8387676641729012 -0.16061458333333334 1.814 0
0.7982237115544473 -0.19404114583333334 1.5395 0.7426366375727348 -0.21295572916666666 1.6355 1
-0.19330579800498754 -0.24420572916666666 1.5125 -0.2524433707398171 -0.2561796875 1.4905 0
0.08945137157107232 0.237375 1.688 0.01594918952618454 0.2114109375 1.7055 1
-0.32835411471321696 -0.24097500000000002 1.512 -0.43954904405652534 -0.31033958333333334 1.646 0
0.5230829177057357 0.32664062499999996 1.695 0.44931940980881124 0.29968229166666666 1.765 1
-0.5834252909393184 0.20833593749999998 1.4815 -0.7131909808811305 0.206921875 1.615 0
0.17735868661679136 0.23061458333333332 1.69 0.1305413549459684 0.20257604166666668 1.721 0
