0.1980086242726517 -0.35480572916666664 1.5005 0.014368765586034914 -0.3569161458333333 1.5365 1
0.23901028678304242 -0.0270234375 1.7295 0.005586034912718205 -0.031733333333333336 1.792 0
-0.32536523275145474 -0.11337760416666667 1.6745 -0.5351449501246883 -0.10796093749999999 1.5945 0
0.15684226932668333 0.6379739583333334 1.735 -0.06466126350789693 0.6315604166666666 1.778 1
-0.2792908354114713 0.6356984375 1.6905 -0.4698695968412303 0.6410963541666667 1.6325 0
0.8442191396508729 0.39970781250000004 1.8015 0.5802493765586035 0.37589999999999996 2.016 0
0.4543266832917706 0.28717916666666665 1.756 0.2756457813798836 0.2803109375 1.9085 0
0.6440892560266002 -0.35687760416666664 1.5935 0.40672225685785535 -0.3689067708333333 1.6945 1
0.10882896924355778 0.19852812500000003 1.717 -0.11095230673316708 0.19146093749999998 1.7505 1
0.6519373441396509 -0.27439843750000004 1.5965 0.42646456774729846 -0.30642760416666665 1.7615 0
