0.29931577306733165 -0.20059531249999998 1.5915 0.11295978802992519 -0.22474218750000002 1.6725 0
0.29930642144638403 -0.3560234375 1.4925 0.1071513923524522 -0.3652255208333334 1.5865 1
-0.32825592269326687 -0.1201390625 1.6715 -0.5402431421446385 -0.11096875 1.59 1
0.20388092269326685 -0.36532812499999995 1.545 0.004802057356608479 -0.3610546875 1.5405 1
0.6453018495428097 -0.32096302083333333 1.5965 0.4154826475477972 -0.33945572916666666 1.7615 0
0.15363414380714882 0.6323807291666667 1.7395 -0.053787406483790524 0.6266093749999999 1.785 1
0.6564863881961762 -0.27824635416666665 1.5995 0.4238840399002494 -0.29985208333333335 1.766 0
0.10163341645885286 0.0804375 1.716 -0.1287354530340815 0.07816145833333335 1.745 0
0.10109102244389027 -0.34809375 1.41 -0.04797849127182045 -0.3584109375 1.4895 0
-0.09686720698254365 0.20304687500000002 1.695 -0.31163185785536157 0.2111828125 1.6755 1
