0.29931577306733165 -0.20059531249999998 1.5915 0.08889495012468827 -0.20794010416666667 1.6775 1
-0.09672433499584372 0.11812239583333332 1.6925 -0.31840554862842896 0.11686614583333334 1.6745 1
0.09077618453865337 0.016059375 1.713 -0.1464884663341646 0.0163171875 1.7405 1
0.026636533665835415 0.304415625 1.709 -0.20224698669991686 0.3032317708333333 1.7225 1
0.10148534912718205 -0.033913020833333335 1.7135 -0.13941448462177888 -0.03085677083333333 1.7425 1
0.19761273898586867 -0.36033593750000004 1.4975 0.010902950955943475 -0.36069687500000003 1.499 0
0.23534808811305075 -0.030617708333333334 1.729 -0.016664588528678304 -0.08724375000000001 1.782 0
0.6527540523690774 -0.2780723958333333 1.5985 0.4215227556109726 -0.2970953125 1.7715 1
-0.3278631546134664 -0.12347343749999999 1.6695 -0.540922693266833 -0.11110833333333334 1.592 1
0.6916131546134664 -0.5340432291666667 1.2535 0.5453761429758937 -0.5497354166666667 1.438 1
