0.10157418952618455 -0.033942708333333335 1.715 -0.13965450955943476 -0.0381828125 1.7455 1
0.19893235660847883 -0.36274218750000004 1.5075 -0.007904717373233583 -0.3629411458333333 1.5215 0
-0.09665939318370739 -0.243046875 1.525 -0.2602135286783042 -0.22730260416666667 1.4645 1
0.2997859517871987 -0.2009104166666667 1.594 0.08517975893599336 -0.22132395833333335 1.673 0
0.715538237738986 0.05431458333333334 1.798 0.4350888403990025 0.0268734375 1.9845 0
0.4481738362427265 0.2805796875 1.7605 0.19364869077306734 0.26472656250000004 1.8825 1
0.02666770573566085 0.30120729166666665 1.711 -0.21618817539484625 0.2955390625 1.7195 0
-0.3279613466334165 -0.12351041666666666 1.67 -0.5438892352452203 -0.11103854166666666 1.591 1
0.23195604738154613 -0.03064427083333333 1.7305 -0.020493557772236076 -0.039221874999999996 1.793 1
0.29729894014962593 -0.2784984375 1.5635 0.08746415211970075 -0.28367968750000006 1.6505 1
