0.3547849127182045 -0.10031770833333332 1.751 0.08946799667497922 -0.07824166666666668 1.832 0
0.04445916458852868 0.2585078125 1.7115 -0.21273846633416457 0.2706203125 1.7205 0
-0.09352088528678305 -0.2399484375 1.5255 -0.28703086034912717 -0.23743177083333336 1.5095 0
0.304839463840399 -0.3588859375 1.5045 0.09360816708229426 -0.3704296875 1.5805 1
0.09077618453865337 0.012490625 1.713 -0.15724906483790524 0.012683854166666668 1.7395 1
0.8378428927680799 0.39448750000000005 1.812 0.5518859102244389 0.349765625 2.035 0
0.026652119700748128 0.30103125000000003 1.71 -0.20940617206982545 0.29964322916666664 1.7225 0
0.20689058603491273 -0.3681890625 1.5435 -0.004786471321695761 -0.36628072916666665 1.5355 0
0.13793433083956774 0.32145416666666665 1.724 -0.108142144638404 0.31053749999999997 1.764 1
0.6537749376558604 -0.2785072916666667 1.601 0.4078304239401496 -0.30155 1.776 1
