0.23047121778886118 0.6312869791666667 1.7465 -0.032078137988362426 0.618575 1.816 0
0.29872506234413965 -0.24383229166666665 1.571 0.05711502493765586 -0.2437546875 1.5705 0
0.05152743142144638 0.09084374999999999 1.71 -0.19571072319201996 0.0846 1.728 0
0.30868246051537823 -0.3565791666666666 1.508 0.08192643391521198 -0.36878541666666664 1.546 0
0.3028132793017457 -0.20072135416666667 1.5925 0.07512936408977557 -0.2154421875 1.6815 0
0.10151496259351621 -0.03392291666666667 1.714 -0.16091022443890274 -0.059812500000000005 1.74 0
0.3249303823773899 -0.158321875 1.747 0.07083593100581878 -0.17465364583333332 1.8425 1
0.6541832917705735 -0.27534375000000005 1.602 0.40550498753117203 -0.30256875 1.782 1
-0.32410224438902746 -0.1233625 1.668 -0.5548384247714048 -0.1138859375 1.5845 0
0.2070246259351621 -0.36842760416666664 1.5445 -0.0204036783042394 -0.3382890625 1.5105 0
