-0.09669576059850375 0.11456249999999998 1.692 -0.32546238570241065 0.109921875 1.675 0
0.3030034289276808 -0.19752760416666665 1.5935 0.07169887780548628 -0.21563437500000002 1.683 0
0.055097152950955935 0.09443385416666666 1.7105 -0.19924407730673316 0.08457552083333333 1.7275 1
0.2058785328345802 -0.3607942708333333 1.5125 -0.014429551122194512 -0.36806979166666665 1.543 1
0.026644326683291773 0.3080661458333333 1.7095 -0.21662822111388197 0.296140625 1.723 1
0.6614604114713216 -0.27226093749999997 1.6035 0.374718931837074 -0.3053359375 1.7765 0
0.83214463840399 0.175925 1.816 0.5095958021612635 0.13778645833333333 2.035 0
0.840475374064838 -0.20454531250000002 1.8015 0.5235364713216958 -0.24239843749999998 2.0235 0
0.23027327514546966 0.6343802083333333 1.745 -0.02447630922693267 0.6172125 1.812 1
0.10529145885286782 0.19500781250000002 1.7175 -0.1473301122194514 0.1841671875 1.7505 1
