0.10510754364089775 -0.0339328125 1.7145 -0.15083852867830425 -0.009109375000000001 1.749 0
-0.3240050914380715 -0.12332552083333333 1.6675 -0.5655003117206983 -0.11995572916666666 1.5775 1
0.30673784289276806 -0.3543328125 1.4985 0.08036834995843725 -0.3765380208333333 1.5785 0
0.16291874480465504 0.05563854166666667 1.723 -0.11193474646716542 0.023914583333333333 1.766 1
0.20628688694929345 -0.3615098958333334 1.5155 -0.02143703241895262 -0.38187187499999997 1.587 1
0.8892425187032419 0.24794479166666666 1.817 0.5723410224438903 0.186959375 2.063 1
0.6616666666666667 -0.27234583333333334 1.604 0.3955018703241895 -0.31086354166666663 1.787 1
-0.019436305070656693 0.06199739583333333 1.7005 -0.2733920407315046 0.05127864583333333 1.6975 1
1.0373082917705736 0.40408697916666664 1.8385 0.7701818370739817 0.38042604166666666 2.161 0
0.10529145885286782 0.19500781250000002 1.7175 -0.15806265586034912 0.1693859375 1.7485 1
