0.10154457605985037 -0.0339328125 1.7145 -0.14029457605985038 -0.0310515625 1.7535 0
0.8359185369908563 0.402925 1.816 0.5265175602660016 0.34832760416666664 2.0515 1
0.12178615960099752 -0.3542135416666667 1.447 -0.08136689526184539 -0.3709140625 1.4775 1
-0.09414328761429759 0.6321588541666667 1.7095 -0.3296399625935162 0.6202828125 1.6965 1
0.2083286575228595 -0.3650880208333333 1.5305 -0.02735297173732336 -0.37583385416666665 1.5485 0
0.6473228387364921 -0.3553328125 1.6015 0.38786627182044886 -0.39248697916666664 1.7525 0
0.6554083541147132 -0.272515625 1.605 0.38774885702410644 -0.3143223958333333 1.7855 1
0.6982128013300084 -0.5246416666666667 1.256 0.5171337281795512 -0.5670765625 1.4595 1
0.10532211138819618 0.19506458333333335 1.718 -0.16862531172069825 0.16177604166666668 1.745 0
-0.09672433499584372 0.20274739583333332 1.6925 -0.32594815045719033 0.19046614583333332 1.6775 0
