0.14526807980049877 -0.09169374999999999 1.726 -0.14085463424771405 -0.1155328125 1.7605 1
0.3033837281795511 -0.19445156249999998 1.5955 0.03469451371571072 -0.21365625000000002 1.59 0
0.4488102660016625 0.2956697916666666 1.763 0.16321435993349961 0.25036197916666664 1.8925 1
0.22835982959268494 -0.0270390625 1.7305 -0.05030236907730674 -0.05416354166666667 1.793 1
0.7817695344970906 -0.27252604166666666 1.625 0.4885910224438903 -0.2746791666666667 1.844 0
0.2104384871155445 -0.36234375 1.546 -0.028033042394014964 -0.38517812500000004 1.587 1
0.38058239817123857 0.1369140625 1.7525 0.09470074812967581 0.1026875 1.86 1
-0.09661003740648379 0.2025078125 1.6905 -0.34826215710723196 0.18933072916666666 1.6675 1
0.9260286783042395 0.40603125 1.83 0.5962048004987531 0.33253593750000005 2.0865 0
0.6597698462177889 -0.2695911458333333 1.6075 0.3805408354114713 -0.3144984375 1.7865 1
