0.9090108063175395 0.21221666666666666 1.712 0.8368391521197008 0.19884375 1.818 1
0.15326163757273487 -0.5802947916666668 1.219 0.1430751246882793 -0.6008671875 1.2405 1
0.23179239401496263 -0.5802947916666668 1.219 0.22094607231920202 -0.5997296875 1.2435 1
-0.8421025561097257 0.2347796875 1.5985 -0.7649703865336658 0.1699578125 1.3265 0
0.050879571903574394 0.0052765625 1.6885 0.005307044887780549 -0.0266015625 1.7025 0
0.7063637780548628 -0.3223890625 1.3515 0.6819809850374065 -0.3411171875 1.3935 0
-0.026262468827930176 0.2966302083333333 1.685 -0.11056421446384042 0.255109375 1.689 0
0.2582886533665835 0.16733854166666667 1.691 0.18499116791354944 0.14224114583333333 1.7285 1
-0.582637676641729 0.20805468750000003 1.4795 -0.6237661055694098 0.1780338541666667 1.4125 1
0.52660536159601 0.323109375 1.695 0.44944669576059854 0.2997671875 1.7655 1
