0.3033837281795511 -0.19445156249999998 1.5955 0.054146924355777226 -0.22588437500000003 1.681 1
0.097981608478803 -0.0267890625 1.7145 -0.17522288029925187 -0.0525171875 1.7385 1
0.6599750623441397 -0.26967500000000005 1.608 0.3549496051537822 -0.2850421875 1.7885 0
0.23949397339983375 -0.027078125 1.733 -0.06862531172069826 -0.079953125 1.785 0
0.8368391521197008 0.40715625 1.818 0.5148545303408146 0.34909166666666663 2.056 1
0.2037687032418953 -0.35397812500000003 1.497 -0.027123337489609312 -0.3758776041666667 1.5355 1
0.29495480049875317 0.10702968750000001 1.7415 0.005677992518703242 0.07779322916666667 1.8215 1
1.0362983167082294 0.4051859375 1.8435 0.6948508935993349 0.3449557291666666 2.1365 1
-0.09666718620116375 0.2061515625 1.6915 -0.3512001246882793 0.19598437500000002 1.665 1
0.6984907522859518 -0.5196151041666667 1.2565 0.5162479218620117 -0.5448572916666666 1.457 0
