0.5671134663341647 -0.23646875000000003 1.61 0.2915991271820449 -0.28129687499999995 1.765 0
0.10160380299251871 -0.0268046875 1.7155 -0.18918329177057355 0.01625625 1.734 0
-0.32371363258520364 -0.11280208333333333 1.666 -0.5745786575228595 -0.12564635416666667 1.5665 0
0.15943059019118871 0.06285416666666667 1.724 -0.12284029509559434 0.034922395833333335 1.7645 0
0.30366895261845384 -0.19130729166666666 1.597 0.054114713216957606 -0.22924999999999998 1.68 0
0.2840160016625104 0.12150729166666667 1.741 -0.00566708229426434 0.08521875 1.818 0
0.015935162094763092 -0.023075000000000002 1.704 -0.22651236492103075 -0.05185260416666666 1.7165 1
0.38873649210307565 -0.22387500000000002 1.592 0.15462749376558604 -0.2619203125 1.7105 1
-0.09669576059850375 0.26613749999999997 1.692 -0.3546602244389027 0.248015625 1.665 1
-0.09666718620116375 0.21319947916666668 1.6915 -0.3512001246882793 0.19945312499999998 1.665 1
