0.023084995843724025 0.315096875 1.709 -0.24755403158769743 0.28388125000000003 1.714 1
0.05157263092269326 0.10518593749999999 1.7115 -0.22346477556109726 0.07347968749999999 1.7205 1
0.3097059434746467 -0.345153125 1.513 0.06402743142144639 -0.3834791666666667 1.58 1
0.44944669576059854 0.2997671875 1.7655 0.14347412718204489 0.24234843749999999 1.8915 1
0.3039541770573566 -0.18815677083333335 1.5985 0.047230361596009976 -0.22622031250000002 1.6835 0
0.10172225685785537 -0.0196796875 1.7175 -0.1856868246051538 -0.030723958333333336 1.735 0
-0.32410224438902746 -0.1129375 1.668 -0.5571721737323359 -0.09009114583333333 1.5725 0
0.21118713632585207 -0.3539359375 1.5515 -0.040302888611803825 -0.37979427083333334 1.5515 0
0.8860577722360766 0.35949375000000006 1.826 0.5465367830423941 0.29669062500000004 2.079 1
0.655120012468828 -0.2637109375 1.6125 0.3703335411471322 -0.31902187499999995 1.791 1
