0.30376402743142145 -0.1880390625 1.5975 0.04365388611803824 -0.2293182291666667 1.6805 0
0.312540004156276 -0.3448109375 1.5115 0.05767871986699918 -0.3849354166666667 1.586 1
-0.32342217373233584 -0.11270052083333335 1.6645 -0.5855751246882793 -0.12775781249999998 1.5525 1
0.44931940980881124 0.29968229166666666 1.765 0.13546913965087282 0.2420921875 1.8895 1
0.8339775561097257 0.41518750000000004 1.82 0.46865180798004985 0.3453953125 2.0595 1
0.026613154613466337 0.31482031250000003 1.7075 -0.2538606608478803 0.2829703125 1.7085 1
0.10160380299251871 -0.019656770833333333 1.7155 -0.21606244804655028 -0.07339427083333333 1.7185 0
0.658675187032419 -0.26043229166666665 1.613 0.35886689526184545 -0.3187546875 1.7895 1
-0.09658146300914382 0.21301041666666665 1.69 -0.3660660847880299 0.19124375 1.654 1
0.8865430174563591 0.355884375 1.827 0.5384133416458853 0.28396979166666664 2.081 1
