-0.09386793433083956 0.6409630208333332 1.7045 -0.35362583125519537 0.6129703125 1.6765 1
0.023064733998337493 0.31482031250000003 1.7075 -0.2574111596009975 0.27941093749999996 1.7085 1
0.7713715710723192 0.6441 1.824 0.43335775145469657 0.5714078125000001 2.0545 1
0.16306057772236077 0.06646510416666666 1.7245 -0.15122662094763092 0.0420109375 1.7535 0
0.20763975477971736 -0.3490182291666667 1.5025 -0.04963736492103076 -0.38364479166666665 1.541 1
0.44944669576059854 0.2997671875 1.7655 0.1276496259351621 0.24609375 1.89 1
0.7197168536990856 0.06970260416666667 1.8085 0.33257273482959265 -0.08904583333333332 1.988 0
0.307276080631754 -0.18815677083333335 1.5985 0.0330584995843724 -0.23547656250000001 1.6745 1
0.31336710307564425 -0.3457234375 1.5155 0.08099490856192851 -0.39216614583333337 1.6585 0
0.658675187032419 -0.26043229166666665 1.613 0.3595687863674148 -0.3231135416666666 1.793 1
