0.7644186408977556 0.6446296874999999 1.8255 0.4250254571903574 0.5716859375 2.0555 1
0.019476309226932668 0.314175 1.704 -0.26073254364089776 0.282721875 1.707 1
-0.0869804655029094 -0.22988541666666668 1.522 -0.3309668536990857 -0.25771927083333335 1.4815 0
0.2140658769742311 -0.353365625 1.549 -0.023916770573566084 -0.3852234375 1.5345 0
0.008839879467996676 0.1435640625 1.7015 -0.29939214463840397 0.13515104166666667 1.685 1
-0.32235349127182045 -0.11232812500000001 1.659 -0.582161263507897 -0.12771666666666667 1.552 0
0.3073721945137157 -0.18488437500000002 1.599 0.0295963216957606 -0.2356171875 1.6755 0
0.884678927680798 0.36810729166666667 1.831 0.5024849334995843 0.2918671875 2.0755 0
0.6517690149625935 -0.30738281250000005 1.6125 0.33190513300083124 -0.3550411458333333 1.7845 0
-0.10062655860349128 0.6424343750000001 1.699 -0.3605938279301746 0.6129703125 1.6765 0
