0.2083307356608479 -0.34703906250000005 1.5075 -0.04699241479634248 -0.38825052083333333 1.5595 1
0.15929187448046547 0.06997656249999999 1.7225 -0.15152847049044055 0.027453125 1.757 1
0.23616479634247717 0.3018177083333333 1.735 -0.07292238154613467 0.25680364583333337 1.7995 1
0.019470594347464672 0.3176317708333333 1.7035 -0.2906016209476309 0.291328125 1.695 0
0.884920511221945 0.36057656250000003 1.8315 0.5085073773898587 0.27983593749999996 2.0825 0
0.1268542186201164 0.3385265625 1.7195 -0.1868105777223608 0.30000781249999997 1.7455 1
0.12694929343308395 -0.22846666666666668 1.472 -0.13261221945137155 -0.27634374999999994 1.434 0
-0.32235349127182045 -0.11232812500000001 1.659 -0.6020105985037406 -0.12714062499999998 1.545 1
-0.08586710307564423 -0.01932447916666667 1.6865 -0.3842347256857855 -0.0462234375 1.6435 1
0.6632585203657524 -0.25755 1.616 0.339512157107232 -0.34780052083333335 1.7855 0
