-0.3123867414796343 0.07093854166666666 1.661 -0.5779364089775562 0.06653958333333333 1.558 1
-0.08675187032418952 -0.23876875 1.518 -0.3528366583541147 -0.26184375 1.47 0
0.209850893599335 -0.35273489583333334 1.5185 -0.06378428927680799 -0.3951395833333333 1.574 1
0.2395630714879468 -0.019863020833333335 1.7335 -0.09448566084788029 -0.06500520833333333 1.783 1
0.09786731088944306 -0.023190104166666666 1.7125 -0.21329488778054864 -0.062890625 1.725 1
0.023017456359102247 0.314175 1.704 -0.27089775561097257 0.278675 1.704 1
-0.08579073150457191 -0.022817708333333336 1.685 -0.38987583125519537 -0.049496354166666666 1.6385 1
0.3141942019950125 -0.34663593750000005 1.5195 0.06370324189526184 -0.3913625 1.572 0
0.6567451163757274 -0.2609973958333333 1.6165 0.33749428512053203 -0.32712239583333336 1.7945 1
-0.10068578553615959 0.6392708333333332 1.7 -0.36993921446384037 0.6111421875 1.6715 1
