0.8273768703241896 0.40995572916666667 1.8305 0.475819825436409 0.3637468750000001 2.091 0
0.7633333333333334 0.6392916666666667 1.832 0.4048456982543641 0.5604703125 2.0615 1
-0.09217217373233584 -0.30226614583333333 1.5035 -0.34740232751454697 -0.32697916666666665 1.46 0
0.6611253117206983 -0.26477395833333334 1.619 0.3331686408977556 -0.3376921875 1.7715 1
0.30376402743142145 -0.19136718749999998 1.5975 0.013405029093931837 -0.24381354166666666 1.843 0
0.019459164588528678 0.3103515625 1.7025 -0.27781691604322534 0.2749635416666667 1.703 1
0.21150924771404822 -0.3587109375 1.5305 -0.06501039068994181 -0.38944791666666667 1.526 1
0.31305694098088116 -0.34853541666666665 1.514 0.03247610141313383 -0.385546875 1.645 0
-0.327958748960931 -0.11877343750000001 1.6525 -0.6112718204488778 -0.136 1.536 1
-0.09609569825436409 -0.0227703125 1.6815 -0.3962016832917706 -0.0562546875 1.6365 1
