0.09786731088944306 -0.0267578125 1.7125 -0.23378273067331673 -0.06977343750000001 1.7175 1
-0.09226413133832086 -0.296296875 1.505 -0.3551615752285952 -0.3287776041666666 1.4545 1
0.8803927680798006 -0.29546875000000006 1.83 0.4286679135494597 -0.34109375 1.85 1
0.019464879467996677 0.313990625 1.703 -0.287671965918537 0.2706984375 1.6985 1
-0.32815721113881957 -0.11540052083333333 1.6535 -0.6207896924355777 -0.13210833333333333 1.528 1
-0.07760286783042394 -0.422496875 1.149 -0.2420308603491272 -0.44696093750000004 1.1145 1
0.8249225893599335 -0.013369270833333332 1.8335 0.4213679343308396 -0.07933802083333334 2.0585 1
0.8806613674147964 0.3504640625 1.8385 0.46556525353283457 0.3191125 2.084 0
0.8317918744804654 -0.19564635416666665 1.8235 0.42731296758104736 -0.27493124999999996 2.046 1
0.6548004987531173 -0.2649375 1.62 0.3071461970074813 -0.3340401041666667 1.7915 1
