0.3875280548628429 -0.11885520833333334 1.703 0.27988466334164586 -0.141103125 1.557 0
0.16335879052369076 0.054589062499999993 1.6905 0.09430849958437239 0.0267578125 1.7125 1
0.22321332086450543 0.6713140625 1.6915 0.1206473399833749 0.6119656250000001 1.733 0
0.7093204488778054 -0.32159375 1.23 0.6932793017456359 -0.3358541666666667 1.316 1
-0.18722724438902744 -0.4008203125 1.1625 -0.17397443890274314 -0.430684375 1.139 1
-0.18779093931837074 -0.49919374999999994 1.166 -0.18654353699085618 -0.5229130208333334 1.1435 1
0.08241115960099751 0.2408203125 1.6875 0.01592581047381546 0.21110104166666668 1.703 1
-0.27714567747298424 -0.5128385416666668 1.175 -0.27314837905236905 -0.53699375 1.138 1
0.7227571695760598 -0.1967359375 1.5355 0.6629629052369077 -0.2181578125 1.6235 1
-0.1932418952618454 -0.244125 1.512 -0.23932876142975892 -0.27088541666666666 1.486 1
