0.7762988362427264 -0.27195624999999995 1.642 0.4172469866999169 -0.34504114583333334 1.8505 1
0.6720791770573568 -0.348184375 1.447 0.3785021820448878 -0.41347968749999997 1.6335 1
0.22901963840399003 0.0849671875 1.7355 -0.12018651288445553 0.03521927083333334 1.7795 1
0.20394170822942645 -0.3566015625 1.5215 -0.07616791354945969 -0.35997500000000004 1.496 0
0.4436112842892769 0.2934046875 1.7715 0.08851309226932669 0.234653125 1.893 1
0.019482024106400663 0.3107161458333333 1.7045 -0.2942108270989194 0.2702203125 1.6955 1
0.6524392144638405 -0.26872656250000004 1.6225 0.2848082917705736 -0.31537864583333336 1.7915 0
0.642890170407315 -0.2227682291666667 1.6325 0.2648560889443059 -0.3175078125 1.7825 0
-0.32805798004987535 -0.115365625 1.653 -0.6250883208645054 -0.13802187500000002 1.523 1
0.2574215502909393 -0.42926927083333327 1.2085 0.05928927680798005 -0.4715375 1.268 1
