0.012379467996674979 0.3067145833333333 1.702 -0.3041521197007481 0.2626125 1.692 1
0.08711450540315877 -0.030298958333333334 1.711 -0.2506031795511222 -0.07661614583333333 1.7105 1
0.7566318578553616 0.6279421875 1.8435 0.3135905029093932 0.5549026041666667 2.0255 0
-0.3401444305901912 -0.11823437499999999 1.645 -0.6213107855361597 -0.14422552083333334 1.5215 0
0.6995433291770574 0.0513140625 1.8245 0.29895677472984206 -0.014670833333333333 2.012 1
0.639345906068163 -0.3196265625 1.6235 0.29192799251870327 -0.3895890625 1.7895 1
0.30076943059019123 -0.3551953125 1.5155 0.004876870324189527 -0.4057921875 1.5645 1
0.7654795303408146 -0.2328046875 1.6555 0.4044705943474647 -0.3084765625 1.8625 1
-0.012332190357439736 0.13599322916666667 1.6955 -0.31945137157107234 0.12775 1.68 0
0.6506676018287614 -0.2761661458333334 1.6265 0.304524106400665 -0.34648958333333335 1.798 1
