0.2953449709060682 -0.35941666666666666 1.52 -0.0048862219451371565 -0.40983593749999997 1.5675 1
0.8124641521197008 0.39473177083333333 1.8485 0.41359517871986706 0.3060875 2.084 1
0.8663684538653367 0.342384375 1.857 0.45232855361596014 0.24754062500000001 2.103 1
0.21870272236076477 0.28448072916666667 1.7395 -0.11025716957605984 0.2529140625 1.7985 0
0.005307044887780549 0.3032578125 1.7025 -0.3141427680798005 0.25862812500000004 1.689 1
0.7380694098088113 -0.2784979166666667 1.582 0.3945994389027431 -0.35699218750000006 1.8525 0
0.6385182876142976 -0.28015625 1.63 0.31425290939318373 -0.34144895833333333 1.811 0
-0.3431452618453865 -0.12151354166666667 1.643 -0.6412936408977555 -0.14618437499999998 1.509 1
-0.01586502493765586 0.13960781249999998 1.6965 -0.36950332502078137 0.10165208333333334 1.654 0
0.20732024106400665 0.027109375 1.735 -0.1417747298420615 -0.04245416666666667 1.772 1
