0.17178148379052371 0.025648437500000003 1.1725 -0.16790835411471322 0.121078125 0.945 1
0.20628740648379054 -0.042328125 1.161 -0.13749792186201165 0.056525 0.952 0
0.2083406068162926 -0.068815625 1.159 -0.13954956359102247 0.020835937500000002 0.9525 1
0.2661216749792186 -0.0107671875 1.1485 -0.07312136325852037 0.07932916666666666 0.964 1
0.26874220698254364 0.020355729166666666 1.1495 -0.07504675810473815 0.111346875 0.963 1
0.2954675810473816 -0.0011895833333333333 1.142 -0.04331722776392353 0.0878609375 0.9695 1
0.2653106816292602 -0.07991145833333334 1.145 -0.07716801745635911 0.013060937500000001 0.9645 0
0.3727301537822112 0.13236302083333334 1.1245 0.0497178927680798 0.2227640625 0.9765 0
0.3215731504571903 0.12252708333333333 1.142 -0.005016105569409809 0.23433489583333333 0.9655 0
0.18239557356608482 -0.37175781250000006 1.1625 -0.15195708645054032 -0.27743489583333336 0.9685 1
