0.135693578553616 0.008578645833333334 1.1765 -0.1953818578553616 0.11011614583333333 0.9355 1
0.29219607231920197 -0.0462515625 1.1385 -0.0412172693266833 0.0493828125 0.9675 1
0.26112063591022444 -0.0083671875 1.1475 -0.07285588113050707 0.08904635416666666 0.9605 1
0.2837255818786368 -0.0035703125 1.1425 -0.04715139235245221 0.09152135416666667 0.9655 1
0.25690980881130504 0.01796875 1.15 -0.0649392144638404 0.1071671875 0.9615 0 
0.2535240024937656 -0.07994635416666666 1.1455 -0.08669264339152119 0.028969791666666668 0.959 0
0.6503652327514547 -0.33534114583333335 1.0555 0.3200576683291771 -0.2348546875 1.0585 0
0.3629722568578554 0.1307140625 1.1305 0.0333463216957606 0.2279296875 0.9725 1
0.3101137780548628 0.12030572916666667 1.1435 -0.02111128428927681 0.21667968750000002 0.9675 1
0.4082964463840399 -0.1854171875 1.1195 0.0701049459684123 -0.09335729166666666 1.007 1
