0.153933395677473 -0.032807812500000005 1.1665 -0.17408977556109728 0.071175 0.936 1
0.18433447630922695 -0.0422734375 1.1595 -0.15350893599334994 0.046069791666666665 0.941 1
0.2742284912718205 -0.0035703125 1.1425 -0.052895365752285955 0.0990515625 0.9605 1
0.2445344970906068 -0.0107625 1.148 -0.06861284289276809 0.104671875 0.957 0
0.14953241895261846 0.025593750000000002 1.17 -0.1775997506234414 0.12939791666666667 0.934 1
0.24162146716541977 -0.07755989583333332 1.1455 -0.09223659600997507 0.024856770833333333 0.9545 1
0.35263663757273483 0.13036718749999998 1.1275 0.029213944305901914 0.23126614583333333 0.9695 1
0.3568718827930174 -0.1539890625 1.1115 0.03353491271820449 -0.05399374999999999 0.978 1
0.3004769326683292 0.120253125 1.143 -0.025015586034912718 0.219684375 0.963 1
0.3993469451371571 -0.1855828125 1.1205 0.05940461346633416 -0.09298645833333333 1.003 1
