0.2069025353283458 -0.06354479166666667 1.151 -0.11691032834580216 0.0384109375 0.9455 1
0.14411315461346635 -0.0303515625 1.1655 -0.18089879467996675 0.06885520833333333 0.931 1
0.038170199501246886 -0.06048437500000001 1.185 -0.28272028262676646 0.04455208333333334 0.91 1
0.07206411055694098 -0.11142760416666667 1.1755 -0.24732024106400669 -0.0009572916666666667 0.919 1
0.008659081463009142 -0.07316614583333332 1.1905 -0.3126200124688279 0.032940104166666664 0.9035 1
0.16987687032418952 -0.0398578125 1.1595 -0.13590918536990856 0.046069791666666665 0.941 0
0.13069253948462178 0.1212234375 1.1755 -0.18377597672485455 0.20738541666666668 0.926 0
0.2978480881130507 -0.053109375 1.133 -0.02506753948462178 0.04724479166666666 0.965 1
0.23209943890274315 -0.0751734375 1.1455 -0.08996934746467165 0.026760937500000002 0.9515 1
0.34578865336658354 -0.151878125 1.113 0.029364609310058187 -0.04974010416666667 0.9745 1
