0.008662718204488778 0.040940625 1.191 -0.2976537822111388 0.14873125 0.898 1
0.16003117206982542 -0.06151874999999999 1.158 -0.15608167082294266 0.041790625 0.933 1
0.1343095386533666 -0.02789947916666667 1.1645 -0.1744363050706567 0.0898515625 0.9275 0
0.1648441396508728 -0.037393749999999996 1.158 -0.15599802576891106 0.06508072916666667 0.9325 1
0.22803304239401498 0.025134375 1.149 -0.08743713632585204 0.12311197916666666 0.9455 1
0.02826007896924356 -0.06035677083333334 1.1825 -0.2794404613466334 0.03867239583333334 0.9055 1
0.19802057356608482 0.032484375 1.155 -0.11226361180382378 0.13994635416666668 0.9395 0
0.6217887572734829 -0.33341614583333334 1.0705 0.3068594139650873 -0.23926510416666666 1.0585 1
0.2817206982543641 0.125125 1.144 -0.03076163757273483 0.22780729166666666 0.955 1
0.3089463840399002 0.31214791666666664 1.166 -0.013122921862011638 0.40985156250000004 0.9715 1
