-0.04338632585203658 -0.29203645833333336 1.193 -0.36123753117206986 -0.179659375 0.903 1
0.08680330423940148 -0.2170265625 1.0065 -0.17088684538653368 -0.11172656249999999 0.7945 0
0.01592581047381546 -0.084740625 1.179 -0.29732231920199503 0.025228125 0.897 1
0.02829592684954281 0.0629 1.184 -0.2679442019950125 0.1712765625 0.8985 0
-0.01354426433915212 -0.070359375 1.185 -0.3212562344139651 0.041765625 0.891 1
0.21067487531172072 -0.07278697916666667 1.1455 -0.09896404821280133 0.03438020833333333 0.943 1
0.21146197007481296 -0.371671875 0.881 -0.008263715710723192 -0.285434375 0.723 1
-0.09077878221113882 0.2268734375 1.2305 -0.39592684954280966 0.34741666666666665 0.88 1
0.3191760182876143 -0.150096875 1.117 0.000999064837905237 -0.0550859375 0.9615 0
0.2722111388196176 0.1275083333333333 1.144 -0.038477244389027436 0.23242968749999998 0.9495 1
