0.06902899002493765 -0.1031953125 1.1655 -0.2347958229426434 0.0103984375 0.9075 1
0.006114921030756442 -0.08214479166666667 1.177 -0.28177992518703243 0.041953125 0.895 0
-0.1213003948462178 0.0413703125 1.2035 -0.42223867414796346 0.1630796875 0.8555 1
0.20397755610972568 -0.0035875 1.148 -0.10017456359102245 0.108225 0.936 1
0.0929696591853699 -0.10288541666666666 1.162 -0.21878273067331672 0.010444270833333333 0.9115 1
0.2363435162094763 0.0035718750000000004 1.143 -0.07149054447215294 0.11683072916666666 0.9425 0
0.14540367830423942 -0.0349359375 1.1565 -0.17111388196176228 0.08145833333333334 0.92 0
-0.011086346633416459 0.045691145833333335 1.1855 -0.3108556733167082 0.16087239583333332 0.8825 1
0.01841490024937656 0.06522864583333333 1.1815 -0.28173836242726513 0.18057812499999998 0.889 1
0.20115284704904404 -0.07040052083333333 1.1455 -0.1004421238570241 0.05181302083333333 0.9385 0
