0.010936720698254363 -0.12547760416666667 1.1695 -0.29467061512884457 -0.004630208333333333 0.889 1
0.030327826267664174 -0.10580468750000001 1.1675 -0.27031795511221945 0.01583125 0.894 0
0.226743038237739 0.005950520833333334 1.1425 -0.07890430174563591 0.1220703125 0.9375 1
0.1989458645054032 0.0011942708333333334 1.1465 -0.10732076059850375 0.11534322916666667 0.9305 1
0.1284133416458853 -0.056546875 1.155 -0.1670173524522028 0.0602765625 0.9185 1
0.16363414380714877 -0.05867239583333333 1.1495 -0.13759143807148796 0.05883958333333334 0.926 0
-0.03306265586034913 -0.07242864583333335 1.1785 -0.3324215502909393 0.05021614583333333 0.8765 1
0.12846893183707397 -0.03490572916666667 1.1555 -0.1721794472152951 0.08487447916666667 0.9155 1
0.19146352867830424 -0.07033906250000001 1.1445 -0.10960671238570241 0.04570260416666667 0.9335 1
0.3033582709891937 0.14081666666666667 1.136 0.0029488778054862844 0.25719375 0.946 1
