-0.0036408977556109724 -0.12774999999999997 1.168 -0.3000218204488778 -0.0009197916666666666 0.883 1
0.07057876142975894 -0.18831770833333333 1.045 -0.2177067747298421 -0.07403229166666667 0.923 0
-0.013737531172069824 -0.287090625 1.017 -0.26348659600997504 -0.17371718749999998 0.7615 1
0.21724594763092273 0.008330729166666667 1.1425 -0.0843422693266833 0.129259375 0.933 1
0.11876091022443891 -0.03487552083333333 1.1545 -0.17870947630922696 0.09005208333333334 0.91 1
0.18465035328345802 -0.0035828125 1.1465 -0.10872610141313384 0.13793541666666667 0.926 0
0.049482024106400666 -0.10284114583333333 1.1615 -0.2484398379052369 0.0214546875 0.8955 1
-0.01338996259351621 -0.08176093749999999 1.1715 -0.3076210515378221 0.04300989583333333 0.8785 0
0.15626350789692434 -0.058595833333333326 1.148 -0.1626667705735661 0.07343072916666667 0.9155 0
0.18187032418952617 -0.07030833333333333 1.144 -0.11860349127182046 0.05316666666666667 0.928 1
