0.0728704280964256 -0.04098072916666666 1.7105 -0.267356608478803 -0.083425 1.704 1
0.15411990856192853 0.5144114583333333 1.745 -0.2074719451371571 0.473040625 1.767 1
0.21129052369077309 0.07422708333333333 1.738 -0.1526496259351621 0.00921875 1.77 0
0.6362998753117207 -0.2874760416666666 1.633 0.32408977556109725 -0.3439 1.824 0
-0.11347464671654198 -0.30699166666666666 1.496 -0.3855127805486285 -0.3387265625 1.4325 1
0.11653938071487947 -0.1024515625 1.7255 -0.2284258104738155 -0.17490312500000002 1.731 0
0.3539536575228595 0.11950520833333332 1.765 -0.013445033250207815 0.0635421875 1.8485 1
0.20383208645054032 0.019891666666666665 1.736 -0.15601880714879468 -0.04232239583333333 1.7665 1
1.0043188902743143 0.38421093749999996 1.8915 0.5684273690773067 0.2928703125 2.1795 1
0.08377857439733999 0.18405885416666667 1.7155 -0.2518485037406484 0.137878125 1.719 1
