0.05712022028262677 -0.2155171875 0.9995 -0.18836398586866168 -0.0971828125 0.7585 1
-0.00605257689110557 -0.10800520833333334 1.165 -0.30622038653366584 0.0264171875 0.8745 1
0.06888092269326683 -0.228965625 1.163 -0.19528366583541149 -0.08343020833333334 0.793 1
-0.010889962593516211 -0.1273671875 1.1645 -0.2981530548628429 0.0118828125 0.8775 0
-0.010969451371571072 0.06475937500000001 1.173 -0.3012702618453865 0.19563906250000002 0.8655 1
0.013287094763092271 -0.10535156250000001 1.1625 -0.2862011637572735 0.026583333333333334 0.88 1
0.11137001246882794 -0.034815104166666666 1.1525 -0.18504571903574396 0.09510833333333334 0.904 1
0.1489115752285952 -0.060907812500000005 1.1465 -0.1511689526184539 0.071484375 0.915 0
0.08072163341645885 0.035026562500000004 1.1595 -0.22274470074812966 0.1602953125 0.8895 0
0.1745090399002494 -0.07021614583333333 1.1425 -0.11642352452202827 0.05112291666666667 0.926 0
