0.08961970074812968 -0.36296875 1.15 -0.2035676433915212 -0.2234203125 0.9285 1
0.0507361803823774 -0.2169463541666667 0.9965 -0.19351413133832088 -0.09032291666666666 0.754 1
0.2024672693266833 0.0011869791666666667 1.1395 -0.09862271404821281 0.15454322916666668 0.9215 0
0.18303979634247713 -0.12430468750000001 1.1365 -0.11617206982543642 0.035612500000000005 0.924 0
0.21003117206982544 0.07256458333333332 1.142 -0.05320552784704905 0.20850520833333336 0.931 0
0.10634871155444721 -0.037135416666666664 1.15 -0.19128221113881963 0.10196041666666668 0.898 1
0.02403002909393184 -0.21052656250000001 1.0055 -0.21701787198669992 -0.08089791666666667 0.754 1
-0.08920199501246882 -0.29277499999999995 1.176 -0.3912027223607648 -0.1494453125 0.8695 1
-0.02782990440565254 -0.08369843750000001 1.1645 -0.33113985868661683 0.07068854166666667 0.859 0
0.10178979634247715 0.0108046875 1.1525 -0.19228802992518704 0.15365625 0.894 1
