-0.0214604114713217 -0.2612421875 0.9835 -0.25625207813798834 -0.1310677083333333 0.719 1
0.027942643391521197 -0.3496375 0.996 -0.2180252493765586 -0.21857031249999997 0.7575 1
0.1696119077306733 -0.0011890625 1.1415 -0.13317643391521197 0.141084375 0.909 1
0.09683135910224439 0.010785937500000002 1.1505 -0.19837905236907732 0.160025 0.888 1
-0.01805642144638404 -0.10981614583333334 1.1585 -0.32183915211970077 0.05451875 0.858 0
-0.034999480465502913 -0.08590260416666666 1.1615 -0.32959788029925186 0.063234375 0.855 1
0.16745947630922695 0.022621875 1.143 -0.13469399418121364 0.17091302083333332 0.9065 1
0.16213944305901912 -0.074746875 1.139 -0.13755714879467995 0.07323020833333334 0.913 1
0.09666302992518705 -0.03708697916666667 1.1485 -0.19741895261845388 0.1087125 0.892 1
0.06600685785536159 0.032484375 1.155 -0.23379416043225268 0.17783593749999999 0.8755 1
