-0.10073150457190357 -0.29564999999999997 1.168 -0.39781327930174565 -0.1150921875 0.8565 0
-0.07123649210307564 -0.07625624999999998 1.162 -0.35125 0.067615625 0.843 0
0.19553460099750625 0.08910156250000001 1.1405 -0.09922849127182046 0.23969114583333334 0.9095 1
-0.025202618453865337 -0.11189062500000001 1.155 -0.3236985660847881 0.0435640625 0.8535 1
0.24645417705735662 -0.3602734375 0.8625 0.03552836658354115 -0.24022656250000002 0.7275 1
0.1985188071487947 -0.12129322916666667 1.1305 -0.10470750207813799 0.029853645833333334 0.9245 1
0.20228958852867832 0.06759843750000001 1.1385 -0.09391832917705736 0.21778854166666667 0.913 1
0.06107387780548629 0.030013020833333338 1.1525 -0.23104738154613466 0.18439166666666665 0.872 1
0.15476620947630923 -0.074615625 1.137 -0.12996778886118038 0.071328125 0.913 0
0.2675929966749792 0.13590364583333334 1.1345 -0.027903158769742316 0.2826229166666667 0.926 1
