0.009356296758104739 -0.20947968749999998 1.0005 -0.23128584788029927 -0.0716390625 0.7395 1
0.04160432252701579 -0.12989166666666666 1.144 -0.25656431837073984 0.0299921875 0.8725 0
-0.04056421446384039 -0.2950864583333333 1.001 -0.2854192643391521 -0.15336718750000003 0.7325 1
0.08227088528678304 0.0418359375 1.1475 -0.20990180798004987 0.19585156250000002 0.8745 1
-0.00596685369908562 -0.13040260416666669 1.1485 -0.3006177265170408 0.024145312500000002 0.8585 1
-0.015126246882793019 -0.2436359375 0.9705 -0.2448799875311721 -0.1135859375 0.7035 1
-0.013149937655860349 -0.11145468750000001 1.1505 -0.3095090399002494 0.0506765625 0.8535 0
-0.03229114713216958 -0.13788020833333334 1.151 -0.33375155860349126 0.0256015625 0.8475 1
0.0537718204488778 0.029947916666666664 1.15 -0.23679291354945972 0.18503385416666668 0.8665 1
0.08454488778054862 0.008356249999999999 1.146 -0.20515118453865336 0.18007031249999997 0.8775 0
