-0.06572111388196175 -0.13536458333333332 1.15 -0.3684782834580216 0.023357812500000002 0.8305 0
-0.051471321695760595 -0.0636 1.152 -0.3420952826267664 0.09810989583333334 0.8335 1
-0.010707605985037406 -0.132390625 1.145 -0.30878376974231087 0.0239484375 0.8515 1
-0.04452358686616791 -0.2979119791666667 0.9965 -0.27382013715710724 -0.14350781250000003 0.7065 0
0.08169731920199502 -0.06290989583333333 1.1395 -0.20620324189526185 0.08911875 0.882 1
-0.036994492934330846 -0.11365364583333333 1.1485 -0.3267238154613466 0.050053125000000004 0.843 0
-0.017869389027431425 -0.11106718750000001 1.1465 -0.30964152119700744 0.050409375 0.849 1
-0.039346945137157106 -0.1398515625 1.1475 -0.3366349750623442 0.023667187500000002 0.8415 0
0.08176901496259352 -0.04158072916666667 1.1405 -0.21754364089775563 0.1140625 0.876 1
0.5072371155444722 -0.35309687500000003 1.097 0.17826007896924356 -0.20501822916666665 1.0525 1
