-0.02253584788029925 -0.1343640625 1.1415 -0.3165876974231089 0.025495833333333332 0.844 1
0.07706255195344971 0.04159895833333334 1.141 -0.22520625519534498 0.1969859375 0.8635 1
-0.11881234413965087 -0.29717187500000003 1.155 -0.42568890274314214 -0.13590312499999999 0.831 1
-0.04854322527015793 -0.30130625 0.994 -0.3044653990024938 -0.14545364583333334 0.7235 0
-0.022990440565253532 -0.24551041666666668 0.962 -0.2672412718204489 -0.10237187499999999 0.697 1
-0.009253428927680798 -0.3535401041666667 0.9895 -0.26401963840399 -0.2125109375 0.7365 0
-0.05606400665004156 -0.06098749999999999 1.148 -0.3493162926018287 0.09894791666666666 0.826 1
0.009187967581047382 -0.35308593750000006 0.9825 -0.2384850374064838 -0.21448124999999998 0.738 1
0.04394326683291771 0.027384375000000002 1.143 -0.25141832917705736 0.186140625 0.855 1
0.08148223192019952 -0.04143489583333334 1.1365 -0.2252228802992519 0.1060921875 0.8705 1
