0.07665731504571904 -0.010640624999999999 1.135 -0.23350062344139652 0.146190625 0.861 1
-0.005125207813798836 -0.21476927083333336 0.9865 -0.2484351620947631 -0.07105208333333332 0.718 0
-0.05443734413965088 -0.2975796875 0.9885 -0.30810214048212803 -0.14810989583333337 0.7145 1
0.043693370739817126 -0.0319640625 1.1365 -0.2579208229426434 0.12883854166666667 0.853 1
0.0674002493765586 0.039118749999999994 1.138 -0.23542705735660846 0.21107812499999998 0.855 0
-0.04514495012468828 -0.26450677083333335 0.9655 -0.283600893599335 -0.12389322916666666 0.6875 1
-0.02958748960931006 -0.11271354166666667 1.139 -0.3280413549459684 0.04945937499999999 0.833 1
0.10684746467165418 -0.06473958333333332 1.13 -0.1965918536990856 0.08341666666666667 0.88 0
0.13466853699085618 -0.07865520833333334 1.127 -0.17458541147132173 0.07871354166666666 0.889 1
0.026756026600166252 -0.19419791666666666 1.03 -0.25950488362427265 -0.0634296875 0.8825 1
