-0.05783873649210307 -0.13371666666666665 1.136 -0.3550826059850374 0.028170312500000003 0.8195 1
0.10183447630922694 -0.06453906250000001 1.1265 -0.2040991271820449 0.09548437500000001 0.873 1
0.0342310889443059 0.027216666666666663 1.136 -0.26954021197007483 0.18976197916666668 0.8395 1
-0.05839775561097257 -0.29888125 0.986 -0.31221425602660013 -0.14508229166666667 0.707 1
0.0668968204488778 -0.0647109375 1.1295 -0.22225893599334995 0.09652291666666667 0.866 0
-0.02707709891936825 -0.138084375 1.133 -0.32991167913549463 0.031951041666666666 0.829 1
-0.034200955943474644 -0.11231770833333334 1.135 -0.33366531587697423 0.054173437500000005 0.8255 1
0.16248441396508728 -0.001171875 1.125 -0.13655236907730675 0.16669375 0.894 0
0.07162302576891105 -0.04119791666666666 1.13 -0.2380361596009975 0.12065624999999999 0.858 1
-0.06748908977556109 -0.06290989583333333 1.1395 -0.3612889650872818 0.10384531250000001 0.8105 1
