0.005826579384871156 -0.14602864583333333 1.1215 -0.29518079800498753 0.039281250000000004 0.838 1
0.11727711970074813 -0.0849765625 1.1175 -0.18691552369077305 0.08866406249999999 0.8775 1
-0.045649937655860354 -0.1185171875 1.1265 -0.3361440149625935 0.062278125 0.819 1
-0.11238310473815463 0.041507812500000005 1.1385 -0.39930746051537824 0.2184223958333333 0.7795 1
-0.07873753117206983 -0.067153125 1.131 -0.3660614089775561 0.1095078125 0.8025 1
-0.029334476309226934 -0.3599921875 0.9735 -0.2814572942643392 -0.2013296875 0.7185 1
-0.10938902743142144 -0.08372083333333331 1.132 -0.39723036159600994 0.09316614583333332 0.7915 1
0.09676433915211971 -0.02454375 1.122 -0.195602140482128 0.16175260416666667 0.8675 0
0.022289068994181215 0.019992708333333335 1.129 -0.2646248960931006 0.211359375 0.835 0
0.011178304239401495 -0.35961875 0.978 -0.2439853491271821 -0.20040052083333335 0.7315 1
