0.055048836242726516 0.008901041666666666 1.709 -0.26458956774729847 -0.04094479166666667 1.709 0
0.1744196799667498 -0.36673281250000006 1.4855 -0.11560941396508728 -0.3878734375 1.4835 0
-0.005303927680798005 0.2959901041666667 1.7015 -0.3146077514546966 0.2590109375 1.6915 0
0.2783333333333333 -0.21219583333333333 1.604 -0.04312136325852037 -0.2680208333333333 1.66 1
-0.3550654613466334 -0.124328125 1.635 -0.6593152535328347 -0.15396562500000002 1.493 1
-0.12690045719035745 -0.036596875 1.673 -0.4487525976724855 -0.07525781250000001 1.6055 1
-0.11953241895261846 -0.30658124999999997 1.494 -0.3933421654197839 -0.34075677083333333 1.4285 1
0.06576111803823774 -0.04454427083333333 1.7105 -0.2806125311720698 -0.0902328125 1.6985 1
0.10268599334995844 -0.22893229166666668 1.475 -0.17389131338320865 -0.273059375 1.481 1
0.8530029093931838 0.3175104166666667 1.87 0.46918121363258525 0.2296041666666667 2.14 0
