-0.040961658354114715 -0.3675734375 0.9615 -0.28502961346633415 -0.1966796875 0.7125 0
0.04524470074812968 -0.026749479166666666 1.1165 -0.24306577306733168 0.16274218750000002 0.8445 1
-0.08113466334164589 -0.30827916666666666 0.964 -0.3187629883624272 -0.13489322916666666 0.6925 1
-0.0029831670822942644 -0.23426562499999998 0.957 -0.24824345386533667 -0.06956718749999999 0.6885 0
0.22148379052369077 0.11508750000000001 1.116 -0.07587437655860349 0.29956093749999996 0.9015 1
0.12402171654197838 0.024401562499999998 1.1155 -0.16590554862842896 0.20630989583333334 0.8725 1
0.07968983790523691 -0.0822046875 1.1115 -0.21739713216957604 0.10672812500000001 0.861 1
0.08449916874480466 -0.03365208333333334 1.114 -0.20475322111388197 0.16224010416666668 0.8605 0
0.012807044887780549 0.0128390625 1.1205 -0.27428564006650047 0.20256510416666668 0.8275 1
0.10721477556109725 -0.09361406249999998 1.1095 -0.19299251870324188 0.09355833333333334 0.872 1
