0.038009663341645884 -0.0819828125 1.1085 -0.2560401080631754 0.11125729166666667 0.841 1
0.14231140897755612 0.0661140625 1.1135 -0.13767923940149626 0.2586796875 0.8775 0
-0.13179810889443058 0.0315703125 1.1225 -0.4080294056525353 0.22795572916666665 0.7625 1
-0.0864214463840399 -0.3097041666666666 0.956 -0.32645209891936827 -0.13162656250000002 0.6905 1
0.07246571072319202 -0.08417812499999999 1.107 -0.2246347672485453 0.11304322916666668 0.8545 0
0.03359829592684954 0.02206770833333333 1.115 -0.24841126350789694 0.21953020833333334 0.833 1
0.0057954073150457185 0.0104578125 1.1155 -0.2804909600997506 0.2059796875 0.8205 1
-0.005182356608478804 -0.21092968750000002 0.9975 -0.24297329592684955 -0.030728645833333335 0.7195 1
0.11669991687448047 0.022008333333333335 1.112 -0.17696020365752285 0.21522447916666668 0.8645 1
-0.1915913341645885 -0.09196093749999999 1.1175 -0.4708286575228596 0.11119739583333335 0.7465 0
