0.09266521197007481 -0.095190625 1.101 -0.2051101413133832 0.10146458333333333 0.862 1
0.03095854114713217 -0.08161302083333334 1.1035 -0.2600405236907731 0.105496875 0.837 0
0.07233478802992518 -0.03568229166666667 1.105 -0.20853075644222777 0.16457291666666668 0.854 0
-0.08200592269326683 -0.2775828125 0.9285 -0.30538497506234413 -0.1047890625 0.6575 1
-0.06997506234413967 -0.12765 1.104 -0.3477166458852868 0.059351562499999996 0.8025 0
-0.09170511221945137 -0.3094135416666666 0.949 -0.3285536159600998 -0.12820833333333334 0.68 1
-0.0011538861180382378 0.0104109375 1.1105 -0.28672693266832916 0.20943541666666665 0.814 1
0.028795199501246885 -0.0080828125 1.1085 -0.26052836658354117 0.1887734375 0.8275 1
-0.20766157522859519 -0.0011630208333333334 1.1165 -0.4704888819617623 0.20040052083333335 0.7315 1
0.4962624688279302 -0.364384375 1.083 0.15883935993349957 -0.17037187499999998 1.069 0
