-0.0034336034912718204 -0.044748437499999995 1.1015 -0.2901101413133832 0.15347291666666668 0.814 1
0.20659652950955945 0.0926859375 1.0985 -0.09519794264339151 0.2844546875 0.8895 1
-0.0992264131338321 -0.30039322916666666 0.9455 -0.31953397755610974 -0.11317968749999999 0.6585 1
-0.02055486284289277 -0.23059375 0.942 -0.25502649625935164 -0.0537109375 0.6875 1
-0.02955371986699917 -0.32208072916666663 0.9175 -0.2557294264339152 -0.15043125000000002 0.678 1
0.12733167082294267 0.051750000000000004 1.104 -0.16060525768911058 0.2527536458333334 0.8635 0
-0.008037198669991688 0.014963541666666667 1.105 -0.2909694513715711 0.21435937500000002 0.807 1
0.02857439733998338 -0.05385416666666667 1.1 -0.2674070033250208 0.12498697916666666 0.8275 0
-0.015305486284289278 -0.20560625000000002 0.982 -0.2614037822111388 -0.023411458333333333 0.725 1
-0.05992882377389859 -0.3634265625 0.9455 -0.2978200332502078 -0.1857895833333333 0.694 1
