-0.07488778054862844 -0.23107500000000003 0.936 -0.2942019950124688 -0.0515625 0.66 1
0.09934850374064838 0.028619791666666665 1.099 -0.1912053200332502 0.23055 0.848 1
-0.09257533250207814 -0.2726796875 0.9185 -0.31188435162094763 -0.09346302083333333 0.6455 1
0.12157574812967581 -0.058092187499999996 1.0935 -0.176857855361596 0.15209999999999999 0.864 0
0.05340243142144638 -0.0763171875 1.0935 -0.23771197007481298 0.12482708333333332 0.838 0
-0.030621882793017453 -0.14212239583333333 1.0915 -0.32203345802161265 0.06456770833333333 0.805 1
0.1200124688279302 0.05385416666666667 1.1 -0.17136169991687447 0.2536796875 0.8545 1
0.0878091230257689 0.0034296874999999996 1.0975 -0.2184252909393184 0.2067578125 0.8375 0
0.01707450124688279 -0.05363385416666666 1.0955 -0.27742674563591024 0.1505421875 0.8165 0
-0.014858686616791355 0.0171875 1.1 -0.2949111596009975 0.22069531250000002 0.7995 1
