0.4346913965087282 -0.37271979166666663 1.081 0.08340866583541147 -0.1661484375 1.0425 1
0.08906379883624273 -0.13901562499999998 1.085 -0.21079800498753115 0.06509166666666667 0.856 1
-0.04398846633416459 -0.14134114583333332 1.0855 -0.3049516832917706 0.0783234375 0.8085 0
-0.031871882793017454 -0.2294703125 0.9295 -0.2609798420615129 -0.043017708333333335 0.677 1
0.1054753740648379 -0.014780729166666666 1.0915 -0.1851335203657523 0.19270052083333333 0.8525 1
-0.02160795926849543 0.0171015625 1.0945 -0.2976449501246883 0.22730468750000002 0.7935 1
-0.04179031587697423 -0.11436145833333332 1.087 -0.3248456982543641 0.10523802083333332 0.7955 0
-0.01700436408977556 -0.04204895833333333 1.091 -0.29898015378221116 0.15779531249999998 0.8015 1
0.010197942643391522 -0.0533890625 1.0905 -0.2733619077306733 0.15526406250000002 0.8145 1
0.07118921446384038 -0.0894921875 1.0875 -0.2202509351620948 0.1187578125 0.8445 1
