0.1799984413965087 0.11916406249999999 1.0895 -0.10763663757273484 0.3273442708333334 0.8705 1
0.0982637157107232 -0.014719791666666667 1.087 -0.1989552161263508 0.19418072916666668 0.8435 1
-0.04607387780548628 -0.11828906249999999 1.0815 -0.32670822942643396 0.094875 0.792 1
-0.06467477140482128 -0.22354062500000002 0.929 -0.2870916458852868 -0.029965625000000003 0.669 1
-0.030551745635910225 0.017015625 1.089 -0.3031915004156276 0.23021510416666666 0.7865 0
0.0011273898586866167 -0.053119791666666666 1.085 -0.28355673316708235 0.16183854166666667 0.805 1
0.06414276807980049 -0.089121875 1.083 -0.22739869077306735 0.1231546875 0.8385 1
-0.014568266832917707 -0.3808453125 1.0785 -0.3017056317539485 -0.16409114583333334 0.8515 1
-0.09283821695760598 -0.2047546875 0.9405 -0.3194430590191189 -0.011758333333333334 0.664 1
-0.08137001246882794 -0.2191671875 0.9435 -0.29804914796342474 -0.04519010416666667 0.6475 0
