-0.04125987115544472 -0.2027796875 0.9685 -0.26671602244389025 -0.0049911458333333335 0.6845 0
-0.032483374896093105 -0.07074375000000001 1.078 -0.31359517871986703 0.14857083333333335 0.788 1
-0.1093531795511222 -0.27266093750000003 0.8995 -0.3219560473815461 -0.0818359375 0.6285 1
-0.12199864921030758 -0.30335156249999995 0.9245 -0.3384169783873649 -0.11398697916666665 0.6475 1
0.06183499584372403 -0.021414583333333334 1.082 -0.21978647132169576 0.1978703125 0.8295 1
0.10047641313383208 0.055456770833333335 1.0865 -0.1807808603491272 0.2670338541666667 0.8405 1
0.09110816708229427 -0.012403645833333334 1.0825 -0.19661783042394015 0.20061354166666667 0.841 1
-0.09822942643391522 -0.203775 0.936 -0.39759195760598504 -0.022007812499999998 0.7825 0
0.12398690773067331 -0.14893229166666666 1.075 -0.1829826475477972 0.05873697916666667 0.8675 0
-0.08665108063175395 -0.21960937500000002 0.937 -0.3047236076475478 -0.019997916666666667 0.662 1
