0.41440669160432253 -0.366171875 1.075 0.061596009975062344 -0.15275000000000002 1.04 1
0.0729088736492103 0.030360937499999997 1.0795 -0.21040367830423942 0.2453671875 0.8265 1
-0.08651807980049876 -0.36123437500000005 0.915 -0.32444669576059854 -0.1657765625 0.6715 1
-0.1264495012468828 -0.302140625 0.915 -0.35294576059850374 -0.10581145833333334 0.647 1
-0.11400249376558605 -0.2703875 0.892 -0.33081826683291765 -0.08796093749999999 0.6255 1
-0.05042861596009975 0.0505546875 1.0785 -0.31916666666666665 0.26730208333333333 0.766 0
0.2352483374896093 -0.34760729166666665 1.073 -0.10172641313383209 -0.13168385416666667 0.9505 1
0.05928356192851205 -0.0168203125 1.0765 -0.22702878221113884 0.1983953125 0.8245 1
0.08877649625935162 0.0574546875 1.0815 -0.1914001454696592 0.2700192708333333 0.8335 1
-0.045882169576059846 0.019071875 1.077 -0.31545355361596006 0.2357734375 0.7725 1
