-0.13317643391521197 -0.296371875 0.909 -0.3565492518703242 -0.107165625 0.639 1
-0.025631234413965087 0.034632812500000006 1.0725 -0.2922656899418121 0.22933697916666668 0.7835 0
0.05012468827930175 -0.012283333333333335 1.072 -0.2434907522859518 0.1811609375 0.8165 0
-0.09166822527015793 -0.3571682291666667 0.9095 -0.32609673732335825 -0.16794843750000002 0.6635 1
0.15757013715710724 0.08850468749999998 1.0755 -0.131588216957606 0.2970380208333333 0.8615 1
-0.07232751454696593 -0.35689166666666666 0.904 -0.3042643391521197 -0.16945833333333335 0.664 1
-0.05906327930174564 0.054742187500000004 1.0725 -0.32614297589359936 0.2652083333333333 0.76 1
-0.05237687032418953 -0.3560984375 0.9165 -0.28926433915211974 -0.16743750000000002 0.684 1
-0.05230361596009975 0.023428125 1.071 -0.32117726517040734 0.23409479166666666 0.767 1
0.4073254364089776 -0.36359375 1.074 0.03411263507896924 -0.15731041666666667 0.938 0
