-0.1255314837905237 -0.31539010416666663 1.4915 -0.41725374064837906 -0.36545937500000003 1.409 0
-0.008847672485453035 0.28915520833333336 1.703 -0.34296913965087283 0.24608906249999998 1.6755 0
0.6221763300083126 -0.2990494791666667 1.6405 0.25538029925187034 -0.36814375 1.794 1
0.09962073981712385 -0.23200520833333335 1.475 -0.1825062344139651 -0.2752125 1.476 1
0.7938611803823775 0.3716541666666667 1.868 0.37099750623441397 0.28492500000000004 2.088 1
-0.3644768287614297 -0.13085989583333332 1.6315 -0.6502249584372403 -0.14779427083333332 1.4935 0
0.27209008728179557 -0.21587343750000001 1.6065 -0.053389962593516214 -0.2710703125 1.6575 1
-0.015893079800498755 0.1858828125 1.6995 -0.3638346841230258 0.14347760416666666 1.6595 1
0.26985660847880305 -0.29676458333333333 1.574 -0.04563123441396509 -0.3507140625 1.6265 1
0.7870615128844556 -0.2334291666666667 1.852 0.3611268703241896 -0.31490156250000007 2.0565 0
