-0.059046134663341646 -0.22080208333333334 0.902 -0.2797963424771405 -0.033279166666666665 0.652 1
0.07667861596009974 0.034535937499999995 1.0695 -0.20070344970906068 0.24265520833333332 0.829 1
0.053994700748129676 -0.1292484375 1.0605 -0.24475529925187034 0.0817890625 0.8265 1
-0.05767871986699918 -0.3535729166666667 0.91 -0.2921472360764755 -0.16443489583333332 0.6775 1
-0.07748908977556108 -0.35284843749999995 0.8985 -0.3035728387364921 -0.1669359375 0.6595 1
0.07456047381546134 0.063590625 1.071 -0.20450592269326684 0.27021093749999997 0.8235 1
-0.13792705735660848 -0.294415625 0.903 -0.3603470490440565 -0.10500625 0.634 1
0.014385910224438902 -0.018859375 1.065 -0.26383728179551125 0.189403125 0.801 1
-0.058650249376558605 0.027734375 1.065 -0.3249906483790524 0.235434375 0.761 1
-0.009950124688279303 -0.021058333333333335 1.064 -0.2848399833748961 0.18680208333333334 0.79 1
