-0.11393859102244389 -0.21823177083333334 0.8915 -0.3193947423108895 -0.033123437500000005 0.6235 1
-0.07155808395677474 0.06511510416666667 1.0595 -0.32920511221945137 0.2707322916666667 0.749 1
-0.1426823566084788 -0.29075260416666665 0.8975 -0.3559600997506235 -0.10205 0.624 0
0.031956047381546136 -0.005523437500000001 1.0605 -0.2338554655029094 0.20397135416666667 0.8125 0
0.0628990024937656 0.00110625 1.062 -0.19347984206151286 0.206140625 0.835 0
0.39487479218620114 -0.3512578125 1.0705 0.046221425602660016 -0.14978697916666667 1.0345 1
-0.06489141729010807 0.03197552083333333 1.0585 -0.3269186408977556 0.23971093749999997 0.7545 1
0.06968360349127183 0.04102760416666666 1.0645 -0.2074236284289277 0.24559427083333332 0.8215 1
0.06753480881130507 0.06992343749999999 1.0655 -0.20363674147963423 0.2741875 0.82 1
0.44262364921030756 -0.33643020833333337 1.073 0.09357595594347465 -0.1357484375 1.0595 1
