-0.06665471737323359 -0.34163593750000004 0.9035 -0.2910556940980881 -0.16741666666666666 0.656 0
-0.14761689526184538 -0.2838723958333333 0.8935 -0.36360556940980887 -0.10498541666666666 0.626 0
0.06245480049875311 -0.060414062500000004 1.0545 -0.22110972568578555 0.1354125 0.828 0
0.2270677472984206 -0.2787145833333334 1.066 -0.09891157522859517 -0.07755989583333332 0.9425 0
0.06942175810473815 0.07622343749999999 1.0605 -0.21086346633416456 0.272515625 0.815 1
0.016365336658354115 -0.11484375 1.05 -0.26511845386533667 0.08184375 0.81 0
0.3882008520365753 -0.3445671875 1.0705 0.028742206982543643 -0.1419359375 1.0245 0
0.43613726101413136 -0.3298776041666666 1.0735 0.08904613466334166 -0.13555625000000002 1.058 1
-0.12729894014962595 -0.18433593750000002 0.9075 -0.41206099334995844 -0.0007838541666666666 0.7525 0
-0.022966022443890274 -0.007674479166666666 1.0525 -0.28701423524522024 0.1882890625 0.7825 0
