0.13264235245220282 0.10659895833333333 1.055 -0.1388606608478803 0.3160630208333333 0.8405 0
-0.1547838736492103 -0.2796791666666667 0.892 -0.3626231296758105 -0.10450677083333335 0.6155 1
0.055642144638403994 -0.057968750000000006 1.05 -0.22504208229426434 0.1329609375 0.8235 1
0.025117414796342476 0.009853124999999999 1.051 -0.25171290523690776 0.1957109375 0.7995 1
-0.13185785536159603 -0.18093750000000003 0.9 -0.34251714463840394 -0.0071671875 0.6255 1
0.05992051122194514 -0.10812656250000001 1.0485 -0.22509351620947632 0.08213541666666666 0.83 1
-0.0054499168744804646 -0.0010927083333333333 1.049 -0.26631390274314215 0.1760578125 0.7935 0
0.3815269118869493 -0.34010677083333335 1.0705 0.03740388611803824 -0.15320364583333335 1.0285 1
-0.07934123025768912 0.044672916666666666 1.046 -0.33143079800498754 0.24044062500000002 0.747 1
0.035986596009975065 -0.04044947916666667 1.0495 -0.24199968827930174 0.14962031250000002 0.8115 1
