-0.09783873649210308 -0.33641666666666664 0.88 -0.3109123025768911 -0.16282291666666668 0.638 1
-0.17538081878636744 0.07658385416666667 1.0355 -0.4091313383208645 0.2703125 0.692 1
-0.16119856608478803 -0.2779546875 0.8865 -0.44053148379052376 -0.1399921875 0.7425 0
0.2150794887780549 -0.2686921875 1.0615 -0.10572682876142975 -0.07487447916666666 0.9335 1
0.3741526392352452 -0.33947135416666663 1.0685 0.030826059850374062 -0.14599062499999998 1.023 1
-0.13910692019950124 -0.1787640625 0.8985 -0.3449371363258521 -0.0032317708333333335 0.6205 1
0.05351101413133832 0.08210937499999998 1.051 -0.21254208229426436 0.2753953125 0.8085 1
-0.08541095178719867 0.04660572916666667 1.0405 -0.3325202618453866 0.23744531250000003 0.7425 1
0.016302992518703242 0.011985416666666667 1.046 -0.2560967373233583 0.20225260416666666 0.7925 1
0.027132689110556944 -0.04025677083333333 1.0445 -0.2502078137988363 0.17250000000000001 0.8 0
