-0.0864713216957606 -0.2016625 0.876 -0.3551278054862843 -0.012109375 0.775 0
0.06435577722360765 -0.36015 0.784 -0.1260395885286783 -0.19706093749999998 0.6285 1
-0.10569669576059852 -0.1123828125 1.0275 -0.3626465087281796 0.087221875 0.741 0
0.04648950540315877 -0.053108854166666664 1.0405 -0.2275207813798836 0.14329791666666666 0.814 0
0.04666822527015794 0.0554890625 1.0445 -0.22097100997506233 0.2516171875 0.8025 0
0.3620308603491271 -0.33851822916666663 1.0655 0.03296810058187864 -0.1396651041666667 1.0235 1
0.007564422277639236 0.00975 1.04 -0.2551272859517872 0.20148697916666666 0.7895 0
0.20777431421446385 -0.26560208333333335 1.058 -0.09273950540315877 -0.07144114583333333 0.9395 1
-0.09136793433083958 0.0484921875 1.0345 -0.3389287198669992 0.24509687500000002 0.733 0
0.07024106400665005 -0.12025 1.04 -0.2104535536159601 0.0755359375 0.8335 0
