0.037658458021612634 -0.050696354166666666 1.0355 -0.23241635494596843 0.14551822916666665 0.8075 0
0.003226309226932668 0.014015624999999999 1.035 -0.26740700332502076 0.2065234375 0.7775 0
-0.13735660847880302 -0.2007 0.864 -0.3264884663341646 -0.025560937500000002 0.5985 1
0.033419056525353284 0.020533854166666667 1.0375 -0.23783042394014964 0.23017500000000002 0.792 0
-0.1670459268495428 -0.27427812500000004 0.869 -0.36809486699916877 -0.09492552083333333 0.6035 1
0.04432720282626766 0.08779218750000001 1.0405 -0.21489141729010805 0.28197031250000004 0.7985 1
0.04405029093931837 -0.10232291666666667 1.034 -0.23273846633416462 0.0958734375 0.8145 1
0.013933395677472985 -0.10852239583333335 1.0315 -0.2575 0.08103541666666668 0.802 0
0.018273586866167917 -0.03340572916666666 1.0345 -0.24174407730673317 0.1640640625 0.7995 1
0.36356140897755607 -0.33566718749999996 1.0635 0.024304862842892766 -0.134540625 1.017 1
