-0.17166978387364923 -0.267609375 0.865 -0.36971113881961765 -0.09156874999999999 0.598 0
0.3584658146300915 -0.3306130208333334 1.0615 0.028545822942643396 -0.12612760416666668 1.0175 1
0.03548940149625934 0.095953125 1.035 -0.2265160016625104 0.2893864583333334 0.787 1
-0.0010697215295095595 0.020375520833333334 1.0295 -0.2622220490440565 0.2127286458333333 0.7765 1
-0.024543848711554447 0.011767708333333331 1.027 -0.2858291770573566 0.21351875 0.762 0
-0.05005714879467996 0.009609375 1.025 -0.2994872194513716 0.1946411458333333 0.7565 0
0.40429135494596846 -0.31646875 1.066 0.07261118038237739 -0.11407812499999999 1.043 1
0.013906379883624274 -0.026809895833333333 1.0295 -0.25316552369077305 0.1667348958333333 0.7885 1
0.68978751039069 -0.4040421875 1.0865 0.3693365544472153 -0.2231880208333333 1.2385 0
0.06106296758104738 -0.11061770833333333 1.031 -0.21358011221945136 0.08169010416666667 0.8255 1
