-0.16032886533665835 -0.03886927083333333 1.0085 -0.4013715710723192 0.151525 0.696 1
-0.16282834580216127 -0.22783124999999999 0.838 -0.3438066292601829 -0.06347552083333334 0.5695 1
-0.14489453449709064 -0.18624947916666665 0.8555 -0.3441884871155445 -0.011855208333333334 0.599 0
-0.030780860349127186 0.022345312500000002 1.0215 -0.28709995843724023 0.21211770833333335 0.757 1
-0.0031920199501246885 0.02666666666666667 1.024 -0.2648275145469659 0.21896875000000002 0.77 1
0.35372038653366583 -0.3236734375 1.0605 0.018360349127182048 -0.12303125 0.93 0
-0.11884871155444722 -0.31802083333333336 0.86 -0.32428304239401495 -0.14741875 0.618 1
-0.09184538653366583 0.028575000000000003 1.016 -0.34339152119700744 0.22725 0.72 0
0.3994856608478803 -0.309515625 1.065 0.06585515378221114 -0.10931145833333332 1.039 1
-0.05190721113881962 0.018053645833333336 1.0195 -0.3086611596009975 0.2086151041666667 0.7445 1
