-0.14908665835411472 -0.181296875 0.849 -0.3296046342477141 -0.029068229166666668 0.5695 0
0.0007933291770573566 -0.32369218749999995 0.7635 -0.1685889443059019 -0.16778125 0.59 1
-0.02005818786367415 -0.08360833333333333 1.016 -0.28458281379883626 0.10849218749999999 0.7715 1
0.3469451371571073 -0.3191041666666667 1.06 0.013609206151288446 -0.11439322916666668 1.0075 1
-0.0031779925187032424 0.03716927083333334 1.0195 -0.27950903990024933 0.23939322916666667 0.7535 0
0.18594295511221948 -0.24309322916666665 1.0465 -0.13229738154613468 -0.023515625 0.903 0
-0.10604790108063175 0.07473489583333333 1.0105 -0.3521035951787199 0.26198593750000004 0.7045 1
-0.07683811305070656 0.053815625 1.013 -0.32596477556109726 0.2407453125 0.7245 1
-0.12660743973399832 -0.026223958333333332 1.007 -0.37177109310058193 0.16162656250000002 0.7085 1
-0.19420874896093104 -0.06559218750000001 0.9995 -0.4333873649210308 0.1204125 0.676 1
