-0.01592581047381546 0.28915520833333336 1.703 -0.3488887157107232 0.24883489583333335 1.6705 1
0.44318890274314215 0.606890625 1.815 0.08902743142144638 0.5454166666666667 1.904 1
-0.02992310889443059 -0.04764375 1.694 -0.37102400249376555 -0.08398906249999999 1.6455 1
0.7059045095594348 -0.3013838541666667 1.5985 0.3481203241895262 -0.375984375 1.851 0
0.6132543640897755 -0.3031125 1.644 0.24378740648379052 -0.367528125 1.791 1
-0.3674163549459684 -0.13069947916666666 1.6295 -0.6730512261014132 -0.15523489583333333 1.4755 1
0.30337437655860355 -0.11980989583333333 1.7695 -0.07762053200332503 -0.17271041666666667 1.822 1
0.09872454280964256 0.30771093750000006 1.7275 -0.24964827514546964 0.26107552083333335 1.7285 1
-0.12209268495428097 -0.21141458333333332 1.526 -0.4659211346633416 -0.2357671875 1.4235 0
0.7773997298420615 -0.24173177083333333 1.8565 0.33860193266832916 -0.3138296875 2.0495 1
