-0.16079125103906902 -0.14858593750000001 0.8645 -0.35468256442227764 0.0164671875 0.5855 1
0.026431317539484623 -0.02437760416666667 1.0175 -0.24651807980049875 0.163940625 0.783 1
0.1832413757273483 -0.24022239583333335 1.0435 -0.12555122610141314 -0.0425859375 0.9085 1
0.344254467996675 -0.3142421875 1.0585 0.009389027431421447 -0.10981250000000001 1.004 1
-0.03678564006650042 0.032663020833333334 1.0115 -0.2945386533665835 0.219325 0.744 1
0.0031639650872817954 -0.009515625 1.015 -0.25527327514546966 0.181640625 0.775 1
0.39008260598503736 -0.3002171875 1.0635 0.0547677680798005 -0.11303906250000001 1.0335 0
-0.14531795511221943 -0.30834374999999997 0.858 -0.35499688279301744 -0.142734375 0.609 1
0.10103127597672486 0.1780463541666667 1.0235 -0.17040731504571904 0.35083333333333333 0.8 0
-0.06185681629260182 0.028378124999999997 1.009 -0.31543277223607646 0.21564010416666665 0.7315 1
