-0.06572319201995012 0.03242083333333333 1.004 -0.3235634871155445 0.21148177083333333 0.7225 1
-0.02411367414796342 0.11246145833333333 1.009 -0.28314578137988367 0.2976255208333333 0.7345 1
-0.11026288445552786 -0.15986979166666665 0.877 -0.3071004779717374 -0.0018734375000000003 0.5995 0
-0.153015897755611 -0.1726828125 0.8415 -0.3586201163757273 -0.0006166666666666666 0.592 0
-0.10655392768079801 -0.17214843750000003 0.8475 -0.3027935369908562 -0.006800520833333334 0.5935 1
-0.12783925602660018 -0.3031619791666667 0.8485 -0.32581566916043225 -0.143171875 0.595 0
0.0199890897755611 -0.0221484375 1.0125 -0.25092633000831255 0.1674328125 0.7765 1
0.3392129052369078 -0.31144739583333336 1.0565 0.003114089775561097 -0.10718437500000001 0.999 1
-0.040787094763092266 0.0366953125 1.0065 -0.28834164588528677 0.24435416666666665 0.74 0
0.5057652743142145 -0.29660677083333337 1.0745 0.1457013715710723 -0.08718645833333333 1.087 1
