0.5015326267664173 -0.2967447916666667 1.075 0.14350841645885284 -0.09628906249999998 1.0875 1
0.5342762884455527 -0.05525260416666667 1.0825 0.17661159600997506 0.15478229166666665 1.069 1
0.01781431837073982 -0.06828385416666666 1.0085 -0.2496129467996675 0.11819010416666666 0.7825 0
-0.1135182876142976 -0.15750208333333332 0.874 -0.3170599542809643 0.0095546875 0.6115 1
-0.015671758104738157 0.049227604166666675 1.0055 -0.2814110556940981 0.23573958333333334 0.742 1
-0.1574158354114713 -0.170015625 0.837 -0.34044679966749797 -0.011122916666666668 0.562 1
0.33466334164588535 -0.3069 1.056 -0.0030969451371571075 -0.10452447916666667 0.9935 0
-0.11877597672485453 0.08593958333333333 0.994 -0.36202254779717374 0.26595677083333336 0.6845 1
-0.005229114713216958 -0.0010484374999999999 1.0065 -0.27276132585203655 0.18360885416666667 0.7565 0
-0.17528210723192023 -0.019524479166666667 0.9865 -0.41035380299251867 0.16273593749999998 0.6705 0
