0.011481192851205321 -0.0659203125 1.0045 -0.2578273067331671 0.11997604166666667 0.773 0
-0.16319513715710723 -0.16879687499999999 0.831 -0.34374480465502916 -0.009845833333333335 0.556 0
-0.02184226932668329 0.05109270833333333 1.001 -0.28544731920199506 0.23092343750000002 0.7365 0
0.1668536990856193 -0.2298625 1.036 -0.15496934746467164 -0.03769010416666666 0.8825 1
-0.05283354114713217 0.042580208333333334 0.997 -0.30769482543640897 0.23941614583333334 0.7205 0
-0.013528158769742312 -0.06989635416666667 1.0015 -0.27334008728179554 0.12311197916666666 0.7625 0
-0.1242814837905237 0.08752343750000001 0.9885 -0.36562967581047384 0.26766875000000007 0.678 0
0.3232309850374065 -0.3042671875 1.0545 -0.006902535328345802 -0.09984270833333332 0.949 1
-0.10713113050706567 -0.31176979166666663 1.001 -0.3624688279301746 -0.12429166666666668 0.76 0
0.6880429135494597 -0.4663026041666667 1.0945 0.3291323773898587 -0.25096979166666666 1.223 0
