0.0987115544472153 -0.32695833333333335 0.76 -0.08809226932668329 -0.16812083333333333 0.628 1
0.10840139235245219 -0.31649843749999995 0.7615 -0.0793968204488778 -0.15458593749999996 0.6315 1
-0.16887468827930172 -0.167578125 0.825 -0.3579317331670823 -0.0028984374999999995 0.5565 0
-0.030027535328345806 0.0529390625 0.9965 -0.2887983167082294 0.23328802083333333 0.7295 1
-0.019692955112219454 0.0031171875 0.9975 -0.27189370324189527 0.20423593750000002 0.7455 0
0.32088736492103076 -0.30192708333333335 1.054 -0.005138196176226102 -0.09993020833333333 0.989 1
-0.13176122194513717 0.08908437500000001 0.983 -0.3693937032418953 0.2698921875 0.6695 1
0.6294934538653366 0.0423765625 1.0995 0.25915679551122195 0.2459484375 1.1085 0
0.08282522859517873 -0.09354270833333332 1.009 -0.18937032418952618 0.09196875 0.81 0
-0.18944825436408977 -0.017265625 0.975 -0.42504416043225274 0.1452171875 0.6545 04
