-0.02785847880299252 0.005171875 0.993 -0.28353127597672484 0.19230260416666667 0.7355 1
-0.12912458437240235 0.0519828125 0.9785 -0.3594628013300083 0.234834375 0.677 0
-0.04221841230257689 0.052646874999999996 0.991 -0.29162874064837907 0.23824531250000003 0.7215 1
-0.06669524106400665 0.0462890625 0.9875 -0.3128766625103907 0.23100052083333333 0.7085 1
-0.12047693266832918 -0.306590625 0.991 -0.3691812136325852 -0.11609583333333333 0.748 1
-0.07158821695760599 -0.2901890625 0.9985 -0.33941708229426437 -0.099609375 0.765 1
0.36473971321695764 -0.2905328125 1.0605 0.04771664588528678 -0.08397864583333334 1.0205 0
-0.09099750623441397 0.042025 0.984 -0.34198877805486283 0.22640625 0.69 0
-0.12117622610141314 0.1316875 0.98 -0.3513809226932669 0.318909375 0.667 1
0.10317747298420615 -0.3134645833333333 0.758 -0.08038965087281796 -0.155284375 0.629 1
