-0.0785681629260183 0.03784791666666666 0.982 -0.32419576059850375 0.21739791666666666 0.698 1
0.3579592684954281 -0.28377083333333336 1.06 0.049690876974231094 -0.07101302083333333 1.0175 0
-0.11262624688279303 0.0274640625 0.9765 -0.35052213216957606 0.21083906249999998 0.6815 1 1
-0.14442643391521198 0.0982125 0.972 -0.3725670199501247 0.2710765625 0.6555 1
0.6143360349127182 0.051609375 1.101 0.2513346841230258 0.2633640625 1.0945 0
-0.13775716957605985 -0.2502567708333333 0.8035 -0.31857179966749793 -0.0998390625 0.5605 1
-0.03389495012468828 0.0113265625 0.9885 -0.2851787198669992 0.197925 0.728 1
-0.042048004987531175 0.062715625 0.987 -0.29304862842892765 0.24320624999999998 0.714 1
0.3073072527015794 -0.2927265625 1.0525 -0.011195448877805486 -0.0867265625 0.9795 1
-0.1836845386533666 -0.03924375 0.966 -0.4124875311720698 0.13284375 0.654 1
