-0.13189526184538652 -0.294175 0.984 -0.3749844139650873 -0.10642187499999999 0.735 1
-0.017452202826267665 0.0010291666666666667 0.988 -0.2695916458852868 0.18757812499999998 0.735 1
-0.16143495428096427 0.05327604166666666 0.965 -0.3896877597672485 0.23197656249999998 0.6455 1
0.6023482959268496 0.05385416666666667 1.1 0.2589837905236908 0.25734375000000004 1.098 1
-0.1618251246882793 -0.15814843750000002 0.9795 -0.3257678719866999 0.02193020833333333 0.569 0
-0.052038653366583545 0.06444375 0.982 -0.29102608063175395 0.26529739583333334 0.7055 0
0.3006026600166251 -0.28820416666666665 1.052 -0.015180798004987532 -0.08015208333333333 0.974 1
0.0651995012468828 -0.07988749999999999 0.996 -0.20249688279301747 0.10766562500000001 0.789 1
-0.1404821280133001 -0.24416666666666667 0.8 -0.3128288653366584 -0.08869218749999999 0.5565 1
-0.1606868246051538 -0.17907812500000003 0.785 -0.322568578553616 -0.034124999999999996 0.52 1
