-0.028180590191188695 -0.295490625 0.733 -0.18935993349958438 -0.14223333333333335 0.544 1
0.4607948877805486 -0.26637812499999997 1.079 0.11521197007481299 -0.053899999999999997 1.056 1
-0.1447423108894431 -0.23962916666666667 0.796 -0.3163107855361596 -0.08627447916666667 0.5485 1
0.49423992103075637 -0.025958854166666663 1.0835 0.1519295511221945 0.18255520833333333 1.037 1
-0.041749792186201166 0.023479166666666666 0.98 -0.2909523067331671 0.2055859375 0.7125 1
-0.051800187032418954 0.07433072916666666 0.9775 -0.287889650872818 0.253359375 0.705 0
0.29623025768911054 -0.2816291666666667 1.052 -0.025054551122194516 -0.07535156250000001 0.9645 1
0.5977763923524523 0.0584375 1.1 0.2491531587697423 0.27916145833333333 1.085 1
0.3469451371571073 -0.27272916666666663 1.06 0.023731296758104738 -0.050684375 0.993 0
-0.16686720698254368 -0.12020937500000001 0.807 -0.3408245012468828 0.0345515625 0.5265 1
