0.4463045511221945 -0.05943177083333333 1.0765 0.10862946799667497 0.14273437499999997 1.015 1
-0.1473997298420615 -0.2352734375 0.7925 -0.3187811720698255 -0.08540937500000001 0.543 1
-0.14110868661679135 -0.28394062499999995 0.977 -0.38528678304239405 -0.10275 0.72 0
-0.05765741895261845 0.0740265625 0.9735 -0.30349283042394015 0.2524640625 0.6905 1
0.5988632585203658 0.06772708333333334 1.102 0.23623493349958438 0.27723177083333334 1.0775 1
0.4899625935162095 -0.019195833333333336 1.084 0.15445604738154614 0.17866406250000003 1.0395 1
-0.04563591022443891 0.02745 0.976 -0.29185110141313386 0.20709114583333335 0.7075 1
0.29185785536159603 -0.27724583333333336 1.052 -0.0308904821280133 -0.074921875 0.959 1
0.4567331670822943 -0.262125 1.08 0.11291043225270157 -0.056046875 1.055 1
0.34033665835411475 -0.2616875 1.06 0.005104426433915212 -0.0665234375 0.9825 0
