0.604655548628429 -0.3039421875 1.6485 0.24080268079800501 -0.36491406249999997 1.7965 1
0.15936045303408145 -0.37804322916666666 1.5185 -0.13491012053200332 -0.4184713541666667 1.5275 1
0.08434019118869494 -0.113334375 1.727 -0.27216957605985037 -0.15514999999999998 1.712 1
-0.13779093931837072 -0.31817708333333333 1.49 -0.4216084788029925 -0.37001249999999997 1.404 0
0.5967160224438903 -0.34452656249999997 1.6455 0.22838840399002494 -0.407659375 1.787 0
0.255836970074813 -0.2597859375 1.5885 -0.06619544887780549 -0.30457968750000003 1.6335 1
0.5927556109725686 -0.3853125 1.644 0.2239832709891937 -0.4472307291666667 1.7815 1
0.2315928927680798 0.093234375 1.755 -0.13941708229426433 0.04658854166666667 1.789 1
-0.019482024106400663 0.28940989583333326 1.7045 -0.3521493142144638 0.2521640625 1.6695 1
0.3304171862011637 0.10918072916666667 1.7765 -0.06662510390689942 0.055341666666666664 1.832 1
