-0.1515715918536991 -0.2340859375 0.7885 -0.32246882793017456 -0.08542500000000001 0.536 1
0.2850280548628429 -0.2747927083333333 1.051 -0.03476724854530341 -0.0746875 0.956 1
0.0502270365752286 -0.06679427083333334 0.9865 -0.21785536159601 0.1208 0.768 1
-0.09115128844555279 0.07129583333333334 0.964 -0.3310847880299252 0.24702083333333336 0.668 1
-0.14659704904405654 -0.2807510416666667 0.973 -0.31637468827930176 -0.08445937499999999 0.567 0
0.5851226101413135 0.06772708333333334 1.102 0.23432148794679966 0.2753697916666667 1.079 1
-0.17641469243557772 0.06422135416666667 0.9485 -0.40070760598503746 0.23610937499999998 0.621 1
0.33357076059850377 -0.26597864583333336 1.0595 0.021689526184538652 -0.06316041666666666 0.994 0
0.07528990024937657 -0.301134375 0.747 -0.10598659600997508 -0.1509890625 0.5965 1
0.3876568994181213 -0.21714062499999998 1.069 0.060977244389027435 -0.010673437499999999 0.9315 1
