0.5129130299251871 -0.4123546875 0.9585 0.22849283042394014 -0.25330364583333337 1.1635 0
-0.0354036783042394 -0.0334640625 0.9735 -0.284443578553616 0.13846093750000002 0.7185 0
0.4744124064837905 -0.0146859375 1.0845 0.1285562136325852 0.19065364583333333 1.0225 1
-0.15549511637572733 -0.23096927083333335 0.7835 -0.3281483790523691 -0.07993125000000001 0.522 0
-0.07312136325852037 0.07932916666666666 0.964 -0.3169965710723192 0.2577234375 0.6705 1
0.27821072319201995 -0.27015625000000004 1.05 -0.0462723399833749 -0.07007552083333332 0.9475 1
0.5790393807148794 0.06781927083333333 1.1035 0.2240991271820449 0.285015625 1.073 1
0.32916718620116375 -0.2615640625 1.0595 0.021569513715710725 -0.029860937500000004 0.9885 0
-0.1586996051537822 -0.1798828125 0.7675 -0.3223082917705736 -0.0286171875 0.4995 1
0.4414307980049875 -0.2556114583333333 1.081 0.08973555694098087 -0.04660572916666667 1.0405 1
