0.4299994804655029 -0.2532421875 1.0805 0.07858270989193683 -0.0485625 1.036 1
0.3288565045719036 -0.11356822916666666 1.0585 -0.000989713216957606 0.0783828125 0.9525 1
-0.07285588113050707 0.08904635416666666 0.9605 -0.32886325852036574 0.25566041666666667 0.658 0
0.27153522443890277 -0.26565468750000004 1.0495 -0.06304810889443059 -0.0554265625 0.9335 0
0.4265663965087282 -0.04826302083333333 1.0775 0.07976828761429759 0.152665625 0.997 1
0.4701215710723192 -0.007911458333333333 1.085 0.11718204488778054 0.19579166666666667 1.016 1
0.5777914588528679 0.0794578125 1.1055 0.2116599127182045 0.2899546875 1.0665 1
0.037811201163757274 -0.0583953125 0.9835 -0.23270054031587697 0.10844895833333333 0.749 1
-0.10215450955943475 0.07854739583333334 0.9545 -0.3437993557772236 0.25158072916666663 0.6475 1
-0.09034756857855362 0.1383484375 0.9555 -0.3257138403990025 0.3089510416666667 0.649 1
