-0.16076579384871156 -0.2692802083333333 0.961 -0.4133416458852868 -0.09562500000000002 0.68 0
-0.11339879467996675 0.06820937499999999 0.949 -0.3609154197838737 0.22952604166666665 0.635 1
-0.10562136325852035 0.08213541666666666 0.95 -0.350687863674148 0.25320625 0.638 1
0.10862946799667497 -0.18502604166666664 1.015 -0.19299407730673318 0.0008598958333333334 0.8255 1
0.3219529301745636 -0.10685156250000001 1.0575 -0.012724438902743142 0.09125625 0.942 1
0.5657922901080632 0.08168697916666666 1.1045 0.20193890274314216 0.29536875 1.062 1
0.4633572319201995 -0.005651041666666666 1.085 0.11008416458852867 0.21546354166666665 1.009 0
0.2670459268495428 -0.2611572916666666 1.049 -0.06130455112219451 -0.06340885416666667 0.9365 1
-0.021187655860349125 -0.039446875 0.971 -0.2863092269326683 0.131275 0.712 1
0.43079540731504573 -0.24694531249999999 1.0825 0.058177472984206155 -0.024389583333333336 1.018 0
