-0.16415991271820451 -0.26430989583333336 0.9575 -0.380636429758936 -0.09869739583333334 0.6035 0
0.029364609310058187 -0.04974010416666667 0.9745 -0.24973503740648378 0.127859375 0.735 1
0.31740752285951784 -0.10459895833333333 1.057 -0.03730205735660848 0.11026822916666666 0.9205 0
0.4242425187032419 -0.240290625 1.083 0.060707605985037404 -0.037369791666666666 1.025 1
0.10420511221945136 -0.18255104166666666 1.013 -0.2011938902743142 0.0025531249999999994 0.817 1
0.26268599334995846 -0.2567864583333333 1.049 -0.06864661263507897 -0.059125520833333334 0.9305 1
0.5668168121363258 0.08875052083333333 1.1065 0.1897355569409809 0.30015781250000007 1.0555 0
0.4590591230257689 -0.005653645833333333 1.0855 0.09697163341645886 0.20592656250000002 1.0035 0
-0.11101568994181213 0.08765572916666667 0.9455 -0.3497397132169576 0.2664140625 0.6315 0
-0.14039172901080632 -0.15050520833333333 0.781 -0.32384299667497923 -0.006818229166666666 0.5035 1
