0.41993505818786364 -0.24265885416666666 1.0835 0.058348919368246044 -0.011698958333333332 1.021 1
0.3532200748129676 0.16877812499999997 1.059 0.010349646716541979 0.3744619791666667 0.9055 1
0.02522339983374896 -0.04753854166666667 0.971 -0.2567066708229427 0.12905156250000002 0.7245 1
-0.15769482543640898 -0.2376307291666667 0.9545 -0.33663497506234413 -0.049645312500000004 0.5355 0
0.18738310473815462 -0.18999843749999998 1.0305 -0.14257793017456358 -0.002696875 0.863 1
0.3128662718204489 -0.10014739583333333 1.0565 -0.031837593516209475 0.09962031249999999 0.9285 1
0.3068594139650873 -0.23926510416666666 1.0585 -0.03467633000831256 -0.03476302083333334 0.9535 1
0.25577982128013305 -0.2542369791666667 1.0475 -0.07955891521197007 -0.054773437499999994 0.9225 1
-0.11629208229426434 0.0911109375 0.9405 -0.3687936408977556 0.262440625 0.613 0
0.5629800498753117 0.09117916666666667 1.108 0.17289432668329177 0.3019588541666666 1.0465 0
