-0.08158561928512054 0.056168749999999996 0.946 -0.34589515793848713 0.2207859375 0.6365 1
0.3061346633416459 -0.0957 1.056 -0.04304083541147132 0.10451510416666666 0.9205 1
0.19905184954280966 -0.24700989583333335 1.0355 -0.1344903366583541 -0.0541140625 0.8805 1
0.09326319617622611 -0.1733359375 1.0085 -0.21889339152119702 0.005840625 0.801 1
0.25142612219451377 -0.2476901041666667 1.0475 -0.07588892352452203 -0.041409895833333335 0.9245 0
0.4479862842892769 0.00791875 1.086 0.07562448046550292 0.19213020833333333 0.997 0
-0.0010245220282626766 -0.14892708333333332 0.986 -0.2934980257689111 0.026888020833333335 0.7375 1
0.5537697423108896 0.09810416666666667 1.108 0.1710458229426434 0.31127343749999997 1.0485 1
0.34989089775561094 -0.19486979166666665 1.069 0.0030423940149625936 0.015250000000000001 0.976 0
0.41375207813798837 -0.23621354166666667 1.085 0.038868453865336654 -0.017903125 1.011 1
