0.06357335827098919 -0.2183614583333333 1.003 -0.24629831670822944 -0.0369140625 0.7875 1
-0.10428719866999168 0.04201458333333333 0.938 -0.36626714463840404 0.20327343750000001 0.6195 1
0.2937998753117207 -0.226140625 1.059 -0.05195916458852868 -0.0285015625 0.9435 1
0.29955112219451374 -0.0869 1.056 -0.0681909808811305 0.11893020833333333 0.899 1
0.24501246882793018 -0.24125833333333332 1.048 -0.09739193682460516 -0.04265625 0.91 1
0.405292497921862 -0.22522239583333334 1.0865 0.030374064837905237 -0.01575 1.008 1
0.44141884871155446 0.014713020833333335 1.0865 0.060385494596841234 0.20418229166666665 0.985 0
0.5422568578553617 0.10041250000000002 1.108 0.1531016209476309 0.27757812499999995 1.045 0
0.013075644222776392 -0.033275 0.968 -0.2806795511221945 0.13305625 0.698 0
-0.12472412718204488 0.10371197916666668 0.9305 -0.38172953034081464 0.26274739583333334 0.5935 1
