0.6621571072319202 0.16268749999999998 1.14 0.2448462177888612 0.39615833333333333 1.096 1
0.633446072319202 -0.0404015625 0.9945 0.3188824812967581 0.18930052083333332 1.2035 0
0.29077306733167085 -0.08030000000000001 1.056 -0.059307980049875315 0.12363125000000001 0.906 1
-0.10732076059850375 0.11534322916666667 0.9305 -0.3641053615960099 0.27641354166666665 0.599 1
0.07831982543640896 -0.160171875 1.005 -0.23246571072319205 0.025348958333333334 0.785 1
0.3921056733167082 -0.22089843749999996 1.0875 0.034700748129675815 -0.0010541666666666666 1.012 0
0.23641365336658354 -0.23482031250000002 1.0485 -0.10766313383208646 -0.030971875 0.901 1
0.43298420615128846 0.021533333333333335 1.088 0.06415211970074813 0.2480625 0.98 0
0.006993453865336658 -0.0270421875 0.9615 -0.2806795511221945 0.14614375 0.698 1
0.5340087281795513 0.10753125000000001 1.11 0.1464094970906068 0.3331911458333333 1.0285 1
