-0.10199397339983374 -0.05856979166666666 0.953 -0.38001402743142143 0.1114203125 0.6405 0
0.28445864505403157 -0.075971875 1.057 -0.06628584788029925 0.1319671875 0.8985 1
0.22780652535328344 -0.22837604166666664 1.049 -0.11103699085619287 -0.023385416666666665 0.898 0
0.42452462593516205 0.02837239583333333 1.0895 0.043093827930174564 0.24012031250000002 0.9645 0
0.029771404821280135 -0.05454583333333333 0.988 -0.25950488362427265 0.13339322916666668 0.7075 0
0.3858837281795511 -0.3183796875 1.0955 0.0559071072319202 -0.09780729166666666 1.055 0
-0.10884351620947631 0.12456562500000001 0.927 -0.38027847049044056 0.27852083333333333 0.58 0
0.3888331255195345 -0.21251770833333333 1.091 0.013440357439734 0.007255208333333333 0.995 1
0.5313029925187033 0.11720208333333335 1.114 0.11991115960099752 0.3459984375 1.0035 0
-0.0010006234413965087 -0.023071875000000002 0.963 -0.2858587905236908 0.15298281249999998 0.6895 1
