0.1058738570241064 0.03418020833333334 1.727 -0.2654410847880299 -0.0053578125 1.7145 1
0.04447215295095594 -0.05171666666666666 1.712 -0.31614817123857025 -0.08930312500000001 1.681 1
-0.14065097672485455 -0.3207421875 1.4875 -0.4219087697423109 -0.346859375 1.405 1
0.4138118246051538 -0.22205468750000001 1.6525 0.015902431421446383 -0.2851880208333333 1.7005 0
0.263583748960931 -0.37816770833333335 1.519 -0.09238674147963424 -0.3845989583333333 1.507 0
0.25742518703241896 -0.30409375 1.578 -0.06910016625103908 -0.3429854166666667 1.622 1
-0.0440435369908562 0.11479947916666666 1.6955 -0.3845854114713217 0.08053645833333332 1.645 1
-0.3765326267664173 -0.13033854166666667 1.625 -0.6764219659185371 -0.15766510416666665 1.4695 1
0.7658665835411472 -0.23908125 1.866 0.3180803200332502 -0.31031510416666663 2.0545 1
0.6057559226932668 -0.3044953125 1.6515 0.23366064006650042 -0.365421875 1.799 1
