0.6454613466334164 0.2562083333333333 1.144 0.23415835411471322 0.5036520833333333 1.058 1
-0.06290835411471321 -0.051053125 0.961 -0.3392814837905237 0.1332671875 0.6365 0
0.27554187448046547 -0.06713177083333334 1.0565 -0.07811980465502909 0.14465260416666667 0.8845 1
0.5052696384039901 -0.3152546875 1.1335 0.1466386118038238 -0.07173854166666667 1.129 0
0.2213720906068163 -0.22192552083333336 1.0495 -0.11909445137157106 -0.010180729166666668 0.8885 1
0.5229800498753118 0.12438750000000001 1.116 0.12863622194513716 0.3533234375 1.0065 1
0.4160401080631754 0.03523020833333333 1.091 0.05308811305070657 0.2681125 0.964 0
0.5671955527847048 -0.047296874999999995 1.009 0.27248285536159605 0.20517656250000002 1.1655 0
0.3804603075644223 -0.20379895833333334 1.093 0.009248753117206982 0.021634374999999997 0.989 1
0.380091957605985 -0.31238593750000004 1.0985 0.05132689110556941 -0.08210937499999998 1.051 0
