0.7468308395677473 -0.4444270833333333 1.15 0.32832502078137993 -0.1766458333333333 1.22 1
0.6263003948462179 -0.45522864583333333 0.9865 0.25228075644222775 -0.23020104166666666 0.991 0
0.2668859102244389 -0.060557291666666666 1.057 -0.08934071072319204 0.16374843749999998 0.8685 0
0.015305486284289278 -0.041939583333333336 0.982 -0.2752431421446384 0.14800624999999998 0.714 1 
0.47066448462177884 0.09575260416666667 1.1075 0.10616791354945969 0.3275666666666667 0.992 0
-0.07839256026600165 -0.044765625 0.955 -0.3524220698254364 0.134946875 0.651 1
0.21264806733167085 -0.21317968750000002 1.0495 -0.12372194513715712 0.00275625 0.882 1
0.3722241271820449 -0.20198281249999997 1.0955 -0.00305642144638404 0.021448437500000004 0.9805 1
0.40734413965087285 0.04208750000000001 1.092 0.04049303823773899 0.27227864583333333 0.9505 1
0.37466490024937654 -0.4574765625 0.9825 0.0452711970074813 -0.24044062500000002 0.927 1
