0.6177343100581879 -0.44972656250000004 0.9925 0.2749184330839568 -0.2112619791666667 1.0295 1
0.49836034912718213 0.13625625000000002 1.118 0.1395090399002494 0.36909843750000004 1.0095 1
0.2582216334164589 -0.053976562500000005 1.0575 -0.08455423940149626 0.15403645833333332 0.875 0
-0.08789952202826268 -0.0386140625 0.9505 -0.3548103699085619 0.14053072916666665 0.6455 1
0.3641121155444722 -0.19109322916666666 1.0985 -0.005062863674147964 0.043649479166666665 0.9745 1
0.20411834995843725 -0.2068171875 1.0505 -0.12688227348295927 0.010066145833333333 0.8785 1
0.009164588528678306 -0.033687499999999995 0.98 -0.28666458852867827 0.14844375 0.702 0
0.6180034289276809 -0.08642031250000001 1.1685 0.2287162302576891 0.17226302083333334 1.1405 0
-0.020696695760598505 -0.0029640625 0.9485 -0.29531639650872815 0.17735677083333332 0.6625 1
0.36631078553615964 -0.45157552083333335 0.9875 0.047274002493765586 -0.23115781249999998 0.9285 1
