0.3740648379052369 -0.45099999999999996 0.96 0.06849438902743142 -0.232334375 0.903 1
0.3482029301745636 0.0146859375 1.0845 -0.004782315045719036 0.24067239583333333 0.9205 1
0.3904369285120532 0.05363385416666666 1.0955 0.030246259351620945 0.282678125 0.939 1
0.19785120532003325 -0.20272916666666668 1.052 -0.13477192435577723 0.0136015625 0.8705 0
0.35595022859517866 -0.19161510416666663 1.1015 0.007197111388196177 0.029891145833333337 0.9895 0
0.4905979842061513 0.1366828125 1.1215 0.11343360349127184 0.3821307291666667 0.9835 1
0.0009912718204488778 -0.024843749999999998 0.954 -0.28334268495428094 0.15699479166666666 0.701 1
0.42604166666666665 -0.40622135416666666 1.0025 0.10011845386533666 -0.17589375000000002 0.954 1
0.5422615336658354 -0.28579427083333336 1.1675 0.17035484206151288 -0.025079687500000003 1.1465 0
-0.028490752285951788 -0.0009848958333333333 0.9455 -0.3050716957605985 0.174278125 0.651 0
