0.03205008312551953 -0.12955729166666666 0.995 -0.2570890482128014 0.06618489583333334 0.7475 1
0.48745324189526185 0.169921875 1.125 0.10365284704904405 0.4065682291666667 0.9685 0
0.5506753948462177 -0.4523895833333333 0.938 0.24111544056525352 -0.22438385416666667 0.9245 0
0.24098192019950124 -0.049640624999999994 1.059 -0.0873342684954281 0.17239739583333336 0.8665 1
0.18919628013300085 -0.20282552083333333 1.0525 -0.12768235660847882 0.028142187500000002 0.8715 0
0.3799189526184539 0.04918125 1.098 0.022285432252701583 0.28072135416666666 0.9325 0
0.5346726932668329 -0.035165625 1.023 0.20099906483790522 0.20150156249999998 0.9345 1
-0.006924355777223608 -0.02875833333333333 0.952 -0.28690097672485454 0.15866093750000002 0.6955 1
-0.03644638403990025 0.0009874999999999999 0.948 -0.30488518287614297 0.18175468749999998 0.6535 1
0.3521965918536991 -0.44833541666666665 0.994 0.047859517871986695 -0.21639583333333332 0.94 1
