0.2779519950124688 -0.15004062499999998 1.083 -0.04704488778054863 0.0933625 0.924 0
0.23239817123857026 -0.051895833333333335 1.06 -0.11007637157107232 0.16685156250000002 0.8475 0
0.7783021612635079 0.17353125 1.234 0.350739817123857 0.47328333333333333 1.168 0
0.42083281379883625 -0.17290364583333334 0.9485 0.12431265586034913 0.05745052083333334 0.8485 0
0.17826007896924356 -0.20501822916666665 1.0525 -0.138910536159601 0.0224609375 0.8625 1
0.4604436824605154 -0.36758854166666666 1.157 0.11117103075644223 -0.093065625 1.103 0
0.36934902327514546 0.0515859375 1.1005 0.036119596841230256 0.29848697916666667 0.9395 0
0.3342690149625935 -0.1900078125 1.1055 -0.011029717373233583 0.059307291666666664 0.965 1
-0.015157418952618455 -0.029377604166666668 0.9725 -0.28303615960099754 0.16164375 0.666 1
-0.04411627182044888 0.0009828125 0.9435 -0.30699345386533666 0.1838484375 0.6465 1
