0.5298150457190357 -0.45624791666666664 0.946 0.24554914796342478 -0.20301093750000002 0.9415 1
0.39393235660847886 -0.2573484375 1.1385 0.04149625935162095 0.020266666666666665 1.024 1
0.46368609725685783 0.1383890625 1.1355 0.09257481296758105 0.4021604166666667 0.958 0
0.2215928927680798 -0.05194479166666666 1.061 -0.09339152119700748 0.18457500000000002 0.856 1
0.16724438902743144 -0.20492083333333336 1.052 -0.14303304239401496 0.034734375 0.855 1
0.3564349542809643 0.04940520833333333 1.103 0.018162926018287614 0.30570833333333336 0.92 1
0.3209195760598504 -0.190265625 1.107 -0.013001350789692437 0.0631640625 0.9625 1
-0.025184434746467168 -0.03130677083333334 0.9695 -0.29146664588528676 0.1741796875 0.6825 1
-0.05157366999168745 0.0009755208333333333 0.9365 -0.31184382793017457 0.1844015625 0.6345 1
0.21912770157938488 -0.1973734375 1.0705 -0.09721009975062345 0.051046875000000005 0.891 1
