0.10386377805486284 -0.2028796875 1.0305 -0.18329956359102245 0.0299140625 0.8205 1
0.20539536575228598 -0.19032656250000002 1.0685 -0.09856140897755611 0.061870312499999996 0.8865 1
0.14925654613466333 -0.2042390625 1.0485 -0.13786367414796344 0.04725833333333333 0.856 0
0.21046913965087283 -0.051920312499999996 1.0605 -0.09974386949293433 0.18140364583333335 0.8495 0
0.30983634663341647 -0.1905234375 1.1085 -0.02273950540315877 0.07235364583333334 0.9515 0
0.3454431629260183 0.049472395833333335 1.1045 0.01423004987531172 0.3128927083333333 0.913 1
0.3219290315876974 -0.3716682291666667 1.1185 0.024711138819617624 -0.08724375000000001 1.034 0
0.49951683291770577 -0.285621875 1.187 0.15879052369077307 0.01297083333333333 1.132 0
-0.05913653366583542 0.0009718750000000001 0.933 -0.3101236492103076 0.191271875 0.631 1
-0.03511273898586867 -0.029166145833333334 0.9655 -0.2947454280964256 0.17418645833333335 0.677 1
