0.2016536783042394 -0.049710937499999996 1.0605 -0.10061305070656691 0.20260625 0.842 1
0.14503688694929345 -0.2000609375 1.0495 -0.1468017456359102 0.05551875 0.846 0
0.36887624688279297 -0.2532703125 1.1415 0.0283073566084788 0.038888541666666665 1.009 0
0.25302992518703243 -0.19678750000000003 1.092 -0.06787198669991688 0.04695833333333334 0.92 0
0.29858738570241067 -0.1930067708333333 1.1095 -0.022584164588528678 0.09942187499999999 0.945 0
0.33671862011637577 0.04953958333333334 1.106 0.010343931837073982 0.325234375 0.905 1
-0.06849906483790524 0.0048359375 0.9285 -0.3072397132169576 0.21203906250000001 0.6225 0
0.43965658769742316 0.1342463541666667 1.1405 0.09569981296758105 0.43024218750000004 0.9495 1
-0.041004260182876145 -0.025065104166666668 0.9625 -0.2977109310058188 0.18103020833333336 0.671 1
0.7635338736492103 -0.4386822916666667 1.235 0.3747989401496259 -0.07464114583333332 1.2145 0
