0.3601745635910224 -0.246675 1.144 0.03696747714048213 0.04976614583333334 1.0165 1
0.1361829800498753 -0.1955015625 1.0485 -0.1557694305901912 0.05845052083333334 0.8375 0
0.2896254156275977 -0.18855364583333334 1.1105 -0.0206748753117207 0.09968489583333334 0.9475 1
0.24406431837073983 -0.19232552083333332 1.0925 -0.054370324189526184 0.09658125000000001 0.918 1
0.1926563798836243 -0.0430421875 1.0595 -0.100194825436409 0.2157390625 0.8385 1
0.4491967996674979 0.015694791666666666 1.159 0.10400145469659185 0.32104270833333337 0.991 1
0.33027067747298416 0.05652864583333333 1.1075 0.006538861180382377 0.33244270833333334 0.899 1
-0.07400768911055695 0.010598958333333333 0.925 -0.3186263507896925 0.20798125 0.622 1
-0.04882689110556941 -0.020978125 0.959 -0.3031125311720698 0.17927656250000001 0.6645 0
0.6507086450540316 -0.43697708333333335 1.202 0.30175083125519536 -0.08409895833333333 1.205 1
