0.25307876142975894 -0.22346770833333332 1.613 -0.08400872817955111 -0.26984375 1.65 1
-0.030117414796342477 0.282390625 1.705 -0.37384247714048213 0.25042708333333336 1.658 1
-0.134512676641729 -0.21734479166666665 1.523 -0.42687811720698254 -0.24175156250000002 1.4415 1
-0.14415471737323357 -0.05049322916666667 1.6715 -0.5086575228595179 -0.07982916666666666 1.564 0
0.08091490024937656 0.3010348958333333 1.7305 -0.2766936824605154 0.24159375 1.718 0
-0.3828148379052369 -0.13694062499999998 1.623 -0.6941754987531172 -0.15313072916666667 1.4555 0
0.759736076475478 -0.24348958333333334 1.87 0.3051974231088944 -0.3102395833333333 2.054 1
0.24978387364921034 -0.26035833333333336 1.592 -0.08291406899418123 -0.3070401041666667 1.6285 1
0.23218672069825438 0.07514531249999999 1.7595 -0.12194253948462179 0.03573385416666667 1.8055 0
0.3199709060681629 0.1056875 1.78 -0.07064370324189526 0.051679687499999995 1.8375 1
