-0.3255720074812968 -0.16560468750000001 1.5435 -0.3749896093100582 -0.19032291666666667 1.51 1
0.16692123857024108 0.005284375 1.691 0.10148534912718205 -0.01963385416666667 1.7135 1
0.48163081878636743 -0.5801703125000001 1.2295 0.47029769326683296 -0.5950505208333333 1.2895 1
0.6747376350789692 -0.5423807291666667 1.1915 0.6938902743142145 -0.5922750000000001 1.272 0
0.15332450124688282 -0.5805328125 1.2195 0.15344866999168746 -0.5985239583333334 1.241 1
0.2582886533665835 0.16733854166666667 1.691 0.18113674147963424 0.14563125000000002 1.726 1
0.9690721113881962 -0.20424479166666668 1.705 0.9678641936824605 -0.21711302083333334 1.8445 0
0.8543947423108894 0.6642119791666666 1.7095 0.7644186408977556 0.6484328125 1.8255 1
0.4526340399002494 0.10417187500000001 1.695 0.3810167290108063 0.0822421875 1.7545 1
-0.03970542394014963 -0.2022078125 1.5285 -0.08695189110556942 -0.22980989583333333 1.5215 1
