0.3573124480465503 -0.39883802083333336 1.0265 0.08529145885286783 -0.1130234375 0.9435 1
0.5372994596841231 -0.07947187500000001 1.211 0.19701579384871157 0.26372500000000004 1.096 0
0.4273010182876143 0.14915364583333332 1.1455 0.08438746882793018 0.44438489583333335 0.9335 1
0.18376246882793015 -0.038609374999999994 1.059 -0.10620635910224438 0.220734375 0.831 1
0.1297698462177889 -0.1913151041666667 1.0495 -0.15108738570241065 0.0656640625 0.8405 1
0.3213544264339152 0.0611984375 1.1085 0.0027805486284289277 0.3428625 0.892 1
0.2808993142144639 -0.1842578125 1.1125 -0.024509039900249375 0.1071265625 0.9435 1
0.7300358478802993 0.17866406249999997 1.2705 0.17760130922693265 -0.2751609375 0.5755 0
-0.05463424771404821 -0.0149375 0.956 -0.3051527431421447 0.19230937500000003 0.657 1
0.6402166458852868 -0.43250156249999994 1.2105 0.32642716126350785 -0.07341197916666667 1.1945 0
