0.6274470074812968 -0.42904687500000005 1.215 0.3358603491271821 -0.0429 1.248 0
0.8940217165419785 -0.4168973958333334 1.3945 0.496697319201995 0.0254203125 1.4355 1
0.5277857439733998 -0.44001562499999997 1.043 0.2526693682460515 -0.12297187499999998 1.009 1
0.1164614505403159 -0.18658593750000002 1.0475 -0.14925187032418952 0.072625 0.84 1
0.3125623441396509 0.06590625 1.11 -0.010075332502078139 0.33515364583333335 0.8815 0
0.2697028262676642 -0.17986458333333336 1.114 -0.02634351620947631 0.118353125 0.939 1
0.900785536159601 -0.3504541666666666 1.396 0.4989541770573567 0.07525156250000001 1.4165 0
0.17504208229426438 -0.0364203125 1.0595 -0.10900041562759767 0.22801041666666666 0.826 1
0.6371747714048213 -0.43279270833333333 1.177 0.317694825436409 -0.0651734375 1.1805 1
0.2800670199501247 -0.43639843750000007 1.0095 0.02936045303408146 -0.1566640625 0.9115 1
