0.3264993765586035 -0.23619479166666668 1.151 0.0302987323358271 0.08064947916666668 1.0055 1
0.6152930174563591 -0.42782291666666666 1.226 0.2821695760598504 -0.03229166666666667 1.24 0
0.2698446591853699 -0.4347255208333333 1.0105 0.029376558603491275 -0.14725000000000002 0.912 1
0.516508208645054 -0.4393119791666667 1.0465 0.2526693682460515 -0.11246145833333333 1.009 1
0.15883935993349957 -0.17037187499999998 1.069 -0.11061564837905238 0.10548281250000001 0.8655 1
0.11003584788029926 -0.18457968749999998 1.0485 -0.14715502909393183 0.08641875 0.838 1
0.3011642768079801 0.06824947916666667 1.1105 -0.0027400249376558603 0.359840625 0.879 1
0.2581275976724855 -0.17058125000000002 1.114 -0.033767144638403995 0.1305703125 0.9285 1
0.1661564837905237 -0.031990625 1.059 -0.11004675810473814 0.2368927083333333 0.821 1
-0.07387780548628428 -0.0088875 0.948 -0.3065954904405653 0.2046828125 0.6485 1
