0.5075670199501248 -0.4366140625 1.0505 0.2525441604322527 -0.10190052083333333 1.0085 1
0.10112687032418953 -0.18204739583333335 1.0465 -0.1441864089775561 0.086728125 0.841 0
0.1571306109725686 -0.029742187500000003 1.0575 -0.11262988362427265 0.24365104166666665 0.815 0
0.2514495012468828 0.033078125 1.095 -0.022573773898586866 0.3304010416666667 0.869 0
0.29180174563591027 0.07053125 1.11 -0.0027213216957605985 0.37193437500000004 0.873 0
0.2436892144638404 -0.16788281249999998 1.1115 -0.028249688279301747 0.1220703125 0.9375 0
0.34154613466334166 -0.336 1.024 0.09254208229426435 -0.0263671875 0.9375 1
0.35835671238570244 -0.3855640625 0.9715 0.122649106400665 -0.10261718749999998 0.8875 0
0.44294420199501244 -0.2719973958333333 1.2145 0.1547797173732336 0.09216666666666667 1.12 1
0.3263310473815461 -0.38895312499999996 1.023 0.08080943474646717 -0.08491562500000001 0.937 0
