0.47677680798004984 -0.43838541666666664 0.95 0.257001246882793 -0.12929375 0.906 1
0.5959865960099751 -0.41759114583333334 1.2335 0.29106400665004156 -0.023591666666666667 1.192 1
0.4624610349127182 -0.4349609375 0.9825 0.21831618869492933 -0.12520052083333333 0.9175 0
0.872493765586035 -0.175525 1.416 0.5041443266832918 0.2886015625 1.3515 0
0.2669887780548628 -0.3414104166666666 1.142 -0.0006629260182876144 -0.0073104166666666665 0.638 1
0.5012089567747299 -0.4298963541666667 1.0555 0.25069669576059855 -0.09148593750000002 1.0095 1
0.0922511429758936 -0.1729953125 1.0445 -0.15390949709060683 0.09740364583333334 0.8275 1
0.23686616791354947 -0.16100833333333334 1.112 -0.03182044887780549 0.14016666666666666 0.928 1
0.15025301330008314 -0.020890104166666666 1.0555 -0.11355205735660848 0.25212552083333334 0.8095 1
0.885372506234414 0.1428796875 1.3855 0.4974516832917706 0.5971390625 1.2435 0
