0.2602104114713217 -0.3347119791666666 1.1435 0.013710515378221112 -0.0031718749999999998 1.015 0
0.262012676641729 -0.26266770833333336 1.141 0.007215295095594348 0.06303333333333333 0.992 0
0.24833229426433914 -0.418453125 1.017 0.025473815461346635 -0.12012083333333333 0.908 1
0.5850607855361596 -0.4112109375 1.2375 0.29106400665004156 -0.011175 1.192 1
0.3444950124688279 -0.37388125 0.978 0.13997973815461345 -0.0761265625 0.8805 1
0.10563539068994181 -0.3827390625 0.8005 -0.046539380714879466 -0.1692140625 0.6685 0
0.08340866583541147 -0.1661484375 1.0425 -0.15325852036575227 0.10557499999999999 0.824 1
0.49360141313383216 -0.42430208333333336 1.058 0.251542497921862 -0.08266197916666666 1.0045 1
0.23539900249376564 -0.1546125 1.116 -0.03548524522028263 0.13941145833333335 0.923 0
0.3314240440565254 -0.34048177083333336 0.9875 0.10491479634247715 -0.042985416666666665 0.878 1
