0.48511689526184537 -0.4198609375 1.0635 0.24400716957605986 -0.0908578125 0.9585 0
0.4607403366583541 -0.43024218750000004 0.9495 0.2568812344139651 -0.1162109375 0.8925 1
0.27091905652535325 0.08899114583333333 1.1095 -0.009675290939318371 0.39767864583333334 0.8465 1
0.2947942643391521 -0.21833124999999998 1.158 0.027760286783042393 0.11853385416666667 0.9895 1
0.2280688902743142 -0.4269765625 0.8815 0.05135442643391521 -0.1593515625 0.7845 1
0.07687240232751455 -0.16172708333333335 1.042 -0.13772807564422276 0.09024843750000001 0.7405 0
0.1368973399833749 -0.012077083333333334 1.054 -0.11214931421446385 0.2673328125 0.7995 1
0.22078917290108066 -0.1494921875 1.1125 -0.031408977556109725 0.1631625 0.916 1
0.2534133416458853 -0.33038020833333337 1.145 0.00945448877805486 0.0052656249999999995 1.011 1
0.5761325852036575 -0.40624791666666665 1.246 0.2926792394014962 -0.0012380208333333332 1.1885 1
