0.2186783042394015 -0.420875 0.888 0.05901288445552785 -0.15478958333333334 0.778 0
0.17280860349127183 -0.10303854166666666 1.087 -0.06916718620116376 0.1972140625 0.8645 1
0.12789276807980052 -0.005479166666666666 1.052 -0.1113778054862843 0.27376458333333337 0.794 1
0.17384195760598503 -0.15149531249999998 1.0935 -0.07227711970074813 0.1495015625 0.8805 1
0.0747786783042394 -0.15753645833333332 1.043 -0.1532782626766417 0.119703125 0.815 1
0.21916458852867832 -0.1429875 1.116 -0.03492778470490441 0.16939739583333333 0.9085 1
0.334948566084788 -0.3233953125 1.1895 0.055271197007481294 0.04671770833333333 1.043 0
0.24670511221945138 -0.32378854166666665 1.147 0.011521197007481297 0.013649999999999999 1.008 0
0.8391765378221114 -0.15390989583333334 1.4345 0.5114775561097258 0.30431875 1.334 0
0.5666832917705735 -0.3991 1.248 0.27620116375727344 0.011175 1.192 0
