0.23955423940149626 -0.24971145833333336 1.147 0.0031925394846217792 0.05696927083333334 0.6145 1
0.3148155652535328 -0.4229630208333333 0.8885 0.15316552369077308 -0.1260984375 0.8235 0
0.43177524937655865 -0.4162463541666667 0.9965 0.24228906899418123 -0.08225520833333334 0.929 0
0.4491365336658354 -0.420040625 0.967 0.2530959060681629 -0.09149322916666666 0.9055 1
0.27348971321695764 -0.2041203125 1.1595 0.027409600997506233 0.14146145833333332 0.977 1
0.11909133416458854 -0.0032859375000000007 1.0515 -0.11046602244389028 0.2830078125 0.7875 1
0.013710515378221112 -0.15330729166666665 1.015 -0.19295822942643392 0.115740625 0.777 1
0.061596009975062344 -0.15275000000000002 1.04 -0.15532003325020782 0.12709166666666669 0.808 1
0.4689443059019119 -0.4098166666666667 1.072 0.25123129675810474 -0.05493229166666667 0.995 1
0.2077545719035744 -0.14544270833333334 1.117 -0.029296030756442226 0.17526822916666665 0.9095 1
