0.4256166874480466 -0.4183348958333334 1.0015 0.2193640897755611 -0.053220833333333335 0.964 0
0.3504000415627598 0.057526041666666666 1.175 0.09318007065669161 0.41120989583333334 0.9245 0
0.05511221945137157 -0.15708333333333335 1.04 -0.14646976309226933 0.1485140625 0.8055 0
0.6953771820448877 -0.31713645833333337 1.403 0.40170147547797175 0.17336822916666667 1.3105 0
0.45823254364089777 -0.41243437499999996 1.073 0.25498181629260186 -0.040360937500000006 0.9935 1
0.21058291770573564 -0.421296875 0.885 0.0537448046550291 -0.13590416666666666 0.772 1
0.19846945137157107 -0.143115625 1.117 -0.027179966749792187 0.19073541666666666 0.902 1
0.23012001246882793 -0.2522109375 1.1475 0.013197215295095596 0.10482395833333333 0.977 1
0.8138793640897755 -0.07362760416666665 1.4425 0.4955491479634248 0.43452031250000006 1.2995 0
0.2273384247714048 -0.32336510416666664 1.1455 0.013501142975893601 0.03852239583333334 0.9995 1
