0.17683551537822112 0.26134739583333333 1.7545 -0.192838216957606 0.23750781250000003 1.7675 0
0.25307876142975894 -0.226828125 1.613 -0.09059123025768911 -0.26902604166666666 1.645 1
0.026714463840399005 -0.005356249999999999 1.714 -0.334501246882793 -0.0434375 1.668 1
0.041009975062344134 -0.055412499999999996 1.716 -0.33420043640897756 -0.0920046875 1.6665 1
-0.15457554031587697 -0.05049322916666667 1.6715 -0.4933509975062344 -0.07671770833333333 1.567 1
-0.38316864089775565 -0.14045156250000002 1.6245 -0.6885390689941812 -0.17067708333333334 1.45 1
-0.13477763923524524 -0.21777291666666668 1.526 -0.4007922901080632 -0.2306328125 1.3925 0
0.765550706566916 0.36104375 1.894 0.3197677680798005 0.29003697916666665 2.0935 1
0.2570163133832087 -0.3809557291666667 1.5175 -0.066267144638404 -0.4229015625 1.5555 1
0.2515819825436409 -0.3049609375 1.5825 -0.08202306733167082 -0.354084375 1.611 1
