0.37885494596841235 -0.37559375 1.01 0.19519170822942644 -0.0217421875 0.9075 1
0.4523846633416459 -0.41096354166666665 1.075 0.27880714879468 -0.007554166666666667 1.036 0
0.42040211970074814 -0.41729062499999997 0.999 0.23902899002493766 -0.0601453125 0.9165 1
0.044007689110556934 -0.15387395833333334 1.033 -0.15164432668329178 0.14870052083333332 0.7975 1
0.43596945137157106 -0.420909375 0.969 0.26200436408977557 -0.071465625 0.891 1
0.1857756650041563 -0.1422828125 1.1105 -0.030311720698254364 0.2182375 0.884 1
0.22189733998337488 -0.3223770833333333 1.142 0.01756701995012469 0.0507609375 0.9945 0
0.5368110972568578 -0.39674062499999996 1.257 0.2981036990856193 0.05245104166666667 1.171 1
0.20620324189526185 -0.41986875 0.882 0.0641754987531172 -0.12946614583333332 0.7625 1
0.5093931837073982 -0.05466666666666667 1.28 0.25674303823773903 0.3821088541666667 1.0885 0
