0.22000467581047384 -0.3159296875 1.1445 0.01942643391521197 0.058425 0.984 1
0.05735920615128845 -0.33934635416666664 0.7775 -0.06791614713216959 -0.09921093750000001 0.6225 0
0.4090227556109726 -0.4009078125 1.0965 0.22129831670822944 -0.023299479166666668 0.9725 1
0.046221425602660016 -0.14978697916666667 1.0345 -0.1462125935162095 0.158171875 0.795 1
0.3024002493765586 -0.41811458333333335 0.89 0.15214827514546966 -0.1063578125 0.7915 1
0.43440357439734 -0.41528125 0.97 0.2648129675810474 -0.061975 0.888 1
0.4166666666666667 -0.4114583333333333 1.0 0.24191084788029926 -0.05040520833333333 0.913 1
0.4507787822111388 -0.4048088541666667 1.0765 0.2589411886949293 -0.017442708333333334 0.985 1
0.18850685785536161 -0.135646875 1.113 -0.028667913549459686 0.19932291666666666 0.89 1
0.25410328345802163 -0.20403229166666667 1.159 0.035021820448877805 0.17354062499999998 0.963 1
