0.21753117206982542 -0.31579166666666664 1.144 0.025483167082294263 0.062334375000000004 0.981 1
0.3662053200332502 -0.3440958333333333 1.228 0.14390637988362426 0.0551890625 0.9295 0
0.41374792186201165 -0.41060312499999996 1.003 0.24409081463009147 -0.042515624999999994 0.907 1
0.4301501454696592 -0.4150671875 0.9695 0.2662390897755611 -0.057389062500000004 0.8745 1
0.037458437240232755 -0.1491354166666667 1.03 -0.14646976309226933 0.1648828125 0.7875 1
0.08904613466334166 -0.13555625000000002 1.058 -0.10611492103075644 0.18467604166666665 0.817 0
0.44588996259351615 -0.40443281249999996 1.0755 0.2623675187032419 -0.0071640625 0.9825 1
0.2463450748129676 -0.1987734375 1.1565 0.04488778054862842 0.19099999999999998 0.96 1
0.18396352867830423 -0.14034739583333333 1.1135 -0.0009351620947630924 0.2259375 0.9 0
0.5288746882793017 -0.388109375 1.263 0.30279613466334165 0.076190625 1.161 1
