0.31449033665835413 -0.33568281250000004 0.9795 0.15216593931837075 0.0185171875 0.8465 1
0.4104322527015794 -0.4114583333333333 1.0 0.24570448877805487 -0.03303125 0.906 1
0.26437292186201167 -0.3602296875 1.0385 0.09283821695760598 0.0047005208333333335 0.9025 1
0.5292004364089776 -0.4017671875 1.1445 0.31665679551122194 0.0384453125 1.0545 1
0.2988149418121363 -0.35886093750000003 0.9815 0.1419456566916043 0.011490104166666666 0.8485 1
0.39378896508728184 0.0308953125 1.0985 0.1947906275976725 0.4508765625 0.9815 0
0.4114245635910224 -0.36007812499999997 1.257 0.20957138403990025 0.09851927083333333 1.1395 1
0.5225888403990026 -0.3899671875 1.2605 0.30494596841230254 0.08820833333333332 1.16 1
0.2830294056525353 -0.3250078125 0.9905 0.11888248129675812 0.0291328125 0.8475 1
0.4232637157107232 -0.276271875 1.269 0.1555922693266833 0.13306874999999999 0.846 0
