0.29451683291770575 -0.4129864583333333 0.883 0.1527249584372402 -0.07862239583333333 0.7945 0
0.21305538237738986 -0.3114328125 1.1455 0.011845386533665837 0.053125 0.6 0
0.030826059850374062 -0.14599062499999998 1.023 -0.1400322111388196 0.177709375 0.779 1
0.31197630922693265 -0.32905625 0.978 0.15027847049044055 0.03222083333333333 0.836 1
0.4379597880299252 -0.3988359375 1.0725 0.2584954280964256 0.007058333333333333 0.968 1
0.4228361388196176 -0.40992968750000003 0.9575 0.26889495012468834 -0.0423734375 0.8655 1
0.40651652119700754 -0.40545885416666666 0.9955 0.24823098503740648 -0.025354687499999997 0.9015 1
0.13153990024937656 -0.14088541666666668 1.082 -0.05528210723192021 0.21376406250000002 0.8445 1
0.22685058187863677 -0.4050572916666667 0.937 0.08229478387364922 -0.0688921875 0.8165 1
0.16847568578553615 -0.13213020833333333 1.103 -0.02250883208645054 0.23557968750000002 0.8665 1
