0.1452150872817955 -0.404971875 0.847 0.02301485868661679 -0.11238489583333333 0.7145 1
0.2357081255195345 -0.18831822916666666 1.1515 0.039917913549459685 0.207896875 0.937 1
0.6482647547797173 -0.2906229166666667 1.402 0.41813435162094764 0.25150781250000004 1.2775 0
0.41929395261845387 -0.40237031250000005 0.9585 0.2788861180382377 -0.026583333333333334 0.88 0
0.30994389027431424 -0.32294375000000003 0.978 0.15494856608478805 0.016674479166666666 0.8425 0
0.36362167497921866 -0.35612656249999997 1.0085 0.22012676641729012 0.006927083333333333 0.95 0
0.4365435369908562 -0.3906255208333333 1.0745 0.2668173316708229 0.017159374999999998 0.969 1
0.4029852452202827 -0.3977614583333333 0.997 0.2484398379052369 -0.019589062499999997 0.8955 1
0.20984725685785535 -0.303078125 1.141 0.03344918952618454 0.09653385416666667 0.9755 0
0.8386783042394015 -0.21265833333333334 1.352 0.6003423732335827 0.32700572916666665 1.2215 1
