0.5123140066500416 -0.36647812499999993 1.261 0.29364193682460515 0.101228125 1.117 0
0.024304862842892766 -0.134540625 1.017 -0.13937811720698254 0.1892296875 0.7665 1
0.2567809642560266 -0.33928125000000003 1.034 0.09704644638403989 0.026870312499999997 0.8895 1
0.29051745635910226 -0.40149375000000004 0.882 0.1615476932668329 -0.07332135416666666 0.7735 1
0.16839931421446383 -0.12288281250000001 1.1025 -0.026992934330839567 0.26973125000000003 0.838 0
0.1407746259351621 -0.4005890625 0.8415 0.03477140482128013 -0.10605833333333332 0.712 0
0.4037936408977556 -0.392315625 0.999 0.23383572319201995 -0.0138984375 0.8895 0
0.2795043640897756 -0.29501562500000006 1.185 0.09202618453865337 0.12831041666666668 1.018 1
0.43309798420615125 -0.38507031249999996 1.0715 0.26799875311720694 0.025156249999999998 0.966 1
0.7344638403990025 -0.36136666666666667 1.184 0.5368734413965087 0.119984375 1.097 1
