0.1386954488778055 -0.39613906249999997 0.8395 0.02571176226101413 -0.10236770833333333 0.707 1
0.22673004987531173 0.017484375 1.119 0.02320137157107232 0.385071875 0.827 1
0.026418329177057356 -0.130303125 1.017 -0.14116895261845386 0.193703125 0.759 1
0.07261118038237739 -0.11407812499999999 1.043 -0.09888455943474647 0.22202239583333333 0.7865 1
0.1153756234413965 -0.39668489583333333 0.8225 0.005018703241895262 -0.11140624999999998 0.69 1
0.43167549875311717 -0.3790796875 1.0735 0.2670859310058188 0.024700520833333333 0.9485 1
0.16573150457190358 -0.11572916666666667 1.1 -0.028888715710723194 0.2501171875 0.8425 0
0.20971009975062344 -0.382890625 0.975 0.06795511221945139 -0.017258333333333334 0.872 1
0.29105569409808807 -0.33244999999999997 0.976 0.15504052369077306 0.0061468749999999996 0.843 0
0.2673695968412303 -0.32185260416666667 0.9935 0.11839152119700748 0.037804166666666666 0.844 1
