0.41253740648379056 -0.38338125 0.966 0.2650639027431421 -0.018539062499999998 0.8475 1
0.24900301330008315 -0.3267630208333333 1.0285 0.1029431629260183 0.042177604166666674 0.8615 1
0.0199890897755611 -0.1212890625 1.0125 -0.13867206982543642 0.20028125000000002 0.754 1
0.13985193266832918 -0.3888609375 0.8465 0.025566292601828758 -0.09739479166666666 0.703 1
0.3548862219451372 -0.3368828125 1.0075 0.2055595386533666 0.0390359375 0.8715 1
0.28437240232751454 -0.38958333333333334 0.88 0.15921654197838736 -0.06015625 0.77 1
0.3948955735660848 -0.3792578125 0.9975 0.25090243142144636 0.0009213541666666666 0.8845 1
0.16079332917705735 -0.10860677083333332 1.0975 -0.030348607647547796 0.25643489583333334 0.8345 1
0.2745791770573566 -0.280203125 1.185 0.09326319617622611 0.14392135416666668 1.0085 0
0.42781068162926017 -0.3706510416666667 1.075 0.26905704488778054 0.034580729166666664 0.9485 1
