0.748669472152951 -0.08982135416666666 1.4615 0.5040523690773068 0.4685625 1.26 1
0.34913237738985864 -0.329109375 1.003 0.23197630922693266 0.04023125 0.942 0
0.013609206151288446 -0.11439322916666668 1.0075 -0.13361596009975063 0.20758333333333334 0.752 1
0.2830252493765586 -0.38290156249999996 0.8815 0.16389650872817957 -0.056356250000000004 0.762 1
0.3936102452202827 -0.3716890625 0.9995 0.25588372817955113 0.0158578125 0.8955 0
0.13512572734829592 -0.3836677083333333 0.839 0.026931109725685787 -0.0912109375 0.7005 1
0.15573358270989196 -0.09686458333333334 1.094 -0.016593412302576892 0.2652828125 0.8405 1
0.11446228179551121 -0.10806406249999999 1.0695 -0.053285536159600994 0.24504791666666664 0.814 1
0.42255507065669157 -0.3632552083333333 1.073 0.26849386949293436 0.04668177083333334 0.9535 1
0.08270573566084789 -0.38608750000000003 0.804 -0.01724854530340815 -0.11135833333333335 0.664 1
