-0.015977244389027433 0.0694078125 1.7085 -0.3690565253532835 0.032695833333333334 1.652 1
-0.38908042394014963 -0.14014895833333335 1.621 -0.7142196591853699 -0.139015625 1.435 1
-0.044355257689110555 0.2792473958333333 1.7075 -0.38871155444721534 0.24205 1.648 1
-0.16519378636741477 0.0889046875 1.6735 -0.4978751039068994 0.060548958333333326 1.571 1
0.9461383000831255 -0.11932135416666667 1.9415 0.46425342892768084 -0.1975171875 2.1795 1
0.8012468827930175 0.04164999999999999 1.904 0.3789931421446384 -0.042215625 2.133 0
-0.14088892352452204 -0.22059010416666666 1.5235 -0.43414172901080633 -0.2510354166666667 1.426 1
0.24852867830423941 -0.30855000000000005 1.584 -0.08207398171238571 -0.37109583333333335 1.612 0
0.8054551122194513 0.31301875 1.914 0.33027327514546967 0.23461979166666666 2.105 0
0.30628896508728176 0.10235156249999999 1.7865 -0.08566084788029925 0.04770833333333334 1.832 1
