0.6013944305901913 -0.37488541666666664 0.986 0.49072163341645886 0.047545312500000006 0.9315 0
0.40651496259351616 -0.37130625 0.966 0.27322371155444725 -0.0026421875 0.8455 1
0.2788861180382377 -0.3785833333333333 0.88 0.16314370324189525 -0.05135677083333333 0.7585 1
0.12919835827098922 -0.3798713541666667 0.8345 0.028163965087281792 -0.08759895833333334 0.695 1
0.49436201163757276 -0.33521875 1.262 0.30784445137157107 0.14902656250000001 1.1265 1
0.38867674563591026 -0.3667890625 0.9975 0.2504545926849543 0.0136953125 0.8765 1
0.3776698877805486 -0.35360052083333327 1.0915 0.266433395677473 0.08762552083333335 1.0135 0
0.417121259351621 -0.3579484375 1.0705 0.2666635494596841 0.05228229166666666 0.947 1
0.7332933291770574 -0.24195989583333333 1.4795 0.4991064006650042 0.3358541666666667 1.316 1
0.7300716957605986 -0.311478125 1.473 0.47250987115544474 0.2771161458333333 1.3105 0
