-0.16484829592684955 -0.05044791666666667 1.67 -0.5070313798836242 -0.07957395833333332 1.559 1
0.0846576267664173 0.034308854166666666 1.7335 -0.2883494389027431 -0.012414062499999998 1.7025 1
-0.05143703241895262 0.282721875 1.707 -0.4061559642560266 0.20614114583333334 1.6355 0
0.7474189526184538 0.36768749999999994 1.908 0.2980860349127182 0.28574374999999996 2.094 1
0.016028678304239402 -0.05534791666666667 1.714 -0.3003693890274314 -0.11798281249999999 1.6905 0
0.24400197423108894 -0.2209942708333333 1.6195 -0.0805309642560266 -0.283421875 1.649 0
0.6026527431421447 0.2561322916666667 1.877 0.16967581047381547 0.1869 2.016 1
-0.3919648794679967 -0.1399760416666667 1.619 -0.7085021820448878 -0.15700781249999998 1.4355 1
-0.16862115544472153 0.09236354166666666 1.673 -0.5032808603491271 0.0636796875 1.5675 1
-0.1687723399833749 0.1447744791666667 1.6745 -0.5011398586866168 0.11946145833333333 1.571 1
