0.24108219035743975 -0.2180234375 1.6225 -0.11052836658354115 -0.2676359375 1.6365 1
0.23773898586866168 -0.25833333333333336 1.6 -0.12675187032418953 -0.29021875 1.506 0
-0.17225218204488782 0.09593489583333334 1.6745 -0.5099438902743143 0.06978541666666667 1.558 1
-0.07591126350789693 0.122115625 1.699 -0.4273846633416459 0.08905104166666668 1.613 1
-0.14419679966749793 -0.21763020833333332 1.525 -0.4115487323358271 -0.23840989583333333 1.3705 1
-0.026652119700748128 0.07303125 1.71 -0.36849802576891105 0.03951927083333333 1.6495 0
0.7404577098919369 0.3721494791666667 1.9105 0.2892445968412302 0.2899677083333333 2.093 1
-0.0550327306733167 0.2829703125 1.7085 -0.39972464671654195 0.250665625 1.637 1
0.7928449709060682 0.3143270833333333 1.922 0.32752441812136324 0.22697552083333333 2.1155 1
0.29978387364921033 0.11013333333333335 1.792 -0.13668536990856192 0.050681250000000004 1.802 0
