-0.03740024937655861 0.2446020833333333 1.714 -0.39376091022443893 0.21360677083333332 1.6405 1
-0.1724064837905237 0.09602083333333332 1.676 -0.533893391521197 0.07232812500000001 1.543 0
0.06945916458852867 -0.23056197916666668 1.4855 -0.23856608478802993 -0.26924583333333335 1.444 1
-0.07948877805486285 0.12218749999999999 1.7 -0.45025872817955115 0.094940625 1.599 0
-0.17204644638403993 -0.047039062500000006 1.6725 -0.5219113674147964 -0.06922552083333335 1.5455 1
-0.3990632793017457 -0.1367296875 1.6205 -0.7212546758104738 -0.14638593749999998 1.4195 1
-0.14755922693266832 -0.21473437499999998 1.527 -0.45319357855361597 -0.2396609375 1.4115 1
0.7898768703241895 0.3267640625 1.9245 0.3354509559434746 0.20266458333333331 2.138 0
-0.055113258520365756 0.28694895833333334 1.711 -0.40880351205320037 0.2567786458333334 1.6325 1
0.7376439110556942 0.3767203125 1.9135 0.2349548004987531 0.27876093750000003 2.0745 0
