0.6605210931005819 0.6261630208333333 1.9205 0.20151963840399004 0.5380203125 2.0415 0
-0.005377182044887781 0.016171875 1.725 -0.36827462593516214 -0.0188890625 1.6485 0
0.137196072319202 -0.031175520833333335 1.7605 -0.27224906483790523 -0.08740885416666666 1.7125 1
0.005383416458852868 -0.03418020833333334 1.727 -0.3795448877805486 -0.09384374999999999 1.638 0
0.06058291770573567 -0.21646354166666668 1.495 -0.2518142144638404 -0.26439375 1.434 1
-0.18689422277639237 0.110315625 1.681 -0.5321633416458853 0.08170625000000001 1.538 1
0.03802213216957606 0.32127343750000004 1.7425 -0.3306125311720698 0.27181510416666665 1.6835 1
-0.18318266832917707 -0.03323020833333333 1.679 -0.5362796134663341 -0.043073437500000006 1.5315 0
0.7251324812967582 0.39851822916666674 1.9225 0.2543266832917706 0.2941875 2.092 1
0.21915160016625107 -0.26780885416666667 1.5395 -0.12777327514546966 -0.3376989583333333 1.597 0
