0.13032159185369907 0.08648489583333333 1.7665 -0.26683447630922696 0.0269296875 1.7235 1
-0.055467581047381545 0.26368125 1.722 -0.4281795511221946 0.20368333333333333 1.616 0
0.4320256650041563 -0.3261234375 1.6565 0.00824501246882793 -0.421546875 1.587 0
-0.19411159600997507 0.11395312500000002 1.683 -0.5403428927680798 0.10706041666666667 1.534 0
0.7144451371571072 0.40325625 1.926 0.24139962593516212 0.29868854166666664 2.093 0
-0.19044420199501247 -0.0297765625 1.6815 -0.5436892144638406 -0.06515156250000001 1.5255 1
-0.07671550290939319 0.30584062500000003 1.717 -0.43422329592684955 0.2571515625 1.6135 1
-0.41795459268495433 -0.12044114583333335 1.6285 -0.7338346841230259 -0.1383932291666667 1.3985 0
0.3712001246882793 0.6343531250000001 1.851 -0.04562240232751455 0.554803125 1.909 1
0.7720490440565253 0.3536458333333333 1.94 0.27942903158769744 0.24483593750000002 2.1175 1
