-0.009000935162094763 -0.027070312499999995 1.7325 -0.3977711970074813 -0.083146875 1.629 1
-0.20092736907730674 -0.0262734375 1.6815 -0.5280112219451372 -0.10332291666666667 1.526 0
-0.08744544887780549 0.3095078125 1.7175 -0.43997298420615133 0.25994791666666667 1.61 1
-0.05548368661679136 0.09868489583333333 1.7225 -0.4244269534497091 0.045407812500000005 1.6145 1
-0.4129535536159601 0.06984947916666666 1.6355 -0.7126558603491272 0.0665625 1.42 0
0.7048082917705736 0.4086432291666667 1.9325 0.22829644638403987 0.29425781249999994 2.0925 1
-0.424592684954281 -0.11701249999999999 1.628 -0.7556733167082295 -0.15956249999999997 1.38 0
-0.1710510182876143 -0.19391510416666666 1.5385 -0.4811268703241896 -0.23319843750000002 1.3905 1
0.21313902743142146 -0.193159375 1.641 -0.15341593931837075 -0.26196614583333333 1.6225 1
0.5469321487946799 -0.3508411458333333 1.6925 0.12343204488778055 -0.44140312499999995 1.773 1
