0.749208748960931 -0.0182203125 1.9435 0.2411112842892768 -0.14589947916666668 2.0905 1
0.6943734413965087 0.41363020833333336 1.937 0.19733686616791357 0.3108760416666667 2.087 1
-0.10854374480465502 0.1444921875 1.7125 -0.47340866583541147 0.09688906250000001 1.5765 1
0.5807330631753949 0.06954427083333334 1.9075 0.0977213216957606 -0.022928125 2.001 1
-0.01622973815461347 -0.0198859375 1.7355 -0.40004831670822943 -0.0829171875 1.6245 1
0.03906899418121364 -0.20523333333333332 1.504 -0.24722568578553614 -0.2538520833333333 1.442 0
-0.20810162094763093 -0.019284375000000003 1.683 -0.5595745012468828 -0.06756822916666666 1.5085 1
-0.2117248545303408 0.12805416666666666 1.684 -0.5560556940980882 0.07737916666666668 1.516 1
-0.4314915835411472 -0.11026302083333334 1.6285 -0.7544186408977557 -0.1415390625 1.3725 1
-0.09463892352452204 0.31684843749999997 1.7185 -0.44194201995012466 0.259140625 1.605 1
