-0.1932418952618454 -0.244125 1.512 -0.23344451371571073 -0.269353125 1.413 1
0.8331452618453865 -0.164440625 1.563 0.837299459684123 -0.19137395833333332 1.819 0
0.7126428719867001 -0.24026302083333334 1.5275 0.6336216749792186 -0.2611588541666666 1.6175 0
0.05086450540315877 0.100225 1.688 0.008832086450540316 0.0584375 1.7 0
0.4526340399002494 0.10417187500000001 1.695 0.3773706359102244 0.07858697916666667 1.7545 0
0.677213736492103 -0.5473453125 1.1915 0.6629504364089776 -0.5637890625 1.2735 0
0.3607309850374065 0.14994531249999998 1.6935 0.2840975685785536 0.1396828125 1.7415 0
0.4457205943474647 0.06181510416666667 1.6955 0.3697620532003325 0.03469479166666666 1.753 0
0.5302841853699086 0.2172359375 1.6955 0.44970126766417295 0.19689114583333334 1.7665 1
-0.7419679966749791 0.08690208333333334 1.414 -0.9000488362427266 0.052146875 1.517 0
