0.00910224438902743 -0.07482499999999999 1.752 -0.3849360972568579 -0.1492140625 1.6465 1
-0.027033977556109725 -0.012647395833333332 1.7345 -0.41513144222776394 -0.0556015625 1.6175 0
0.10607076059850373 -0.3451828125 1.5705 -0.22936772651704074 -0.41512864583333337 1.4815 1
-0.08051745635910224 0.28161875 1.722 -0.44221737323358273 0.21246041666666668 1.606 1
0.8770745012468828 0.42196510416666666 1.9955 0.3598732335827099 0.2780479166666667 2.206 1
-0.10166302992518703 0.3236317708333333 1.7165 -0.46996571072319204 0.252928125 1.587 0
-0.07340295095594347 0.113071875 1.723 -0.4409782834580216 0.0450421875 1.6015 1
-0.22182772236076476 0.13483020833333334 1.681 -0.5638284497090608 0.07400052083333335 1.5115 1
-0.44379883624272654 -0.10319166666666667 1.624 -0.7462577930174564 -0.13641406250000002 1.3785 0
0.001814214463840399 0.34738125 1.746 -0.34399262261014135 0.2538255208333334 1.6805 0
