0.20939370324189527 -0.07375468749999999 1.8155 -0.22976413133832088 -0.18611354166666666 1.769 0
-0.041464048212801335 -0.012651041666666668 1.735 -0.4219846217788862 -0.08595625 1.618 1
0.8643677265170409 0.41969218750000004 2.0045 0.34690461346633417 0.27407187499999996 2.211 1
0.7240908146300915 0.37010729166666667 1.963 0.22673056940980882 0.2317109375 2.1185 1
-0.22888248129675812 0.1348703125 1.6815 -0.5724932460515378 0.07390260416666666 1.5095 1
0.29104426433915215 -0.40901354166666665 1.279 0.017236076475477972 -0.48514583333333333 1.276 1
-0.12267144638403991 -0.012476041666666667 1.711 -0.49009455527847046 -0.07998229166666666 1.567 1
-0.11239713216957607 0.32372604166666663 1.717 -0.44945137157107234 0.24957500000000002 1.608 0
-0.45013248129675815 -0.09971614583333334 1.6225 -0.7613076683291771 -0.1583484375 1.3695 0
-0.009078865336658356 0.34767968750000006 1.7475 -0.3841791354945968 0.2711520833333333 1.658 1
