0.5420563175394847 0.07018229166666666 1.925 0.07318942227763924 -0.023059895833333337 2.0125 0
-0.23950800083125523 0.18402343750000003 1.6825 -0.581359102244389 0.1265625 1.5 1
-0.11974231088944305 0.32429166666666664 1.72 -0.47880143391521196 0.25566927083333335 1.5835 1
-0.23943682460515378 0.13491041666666664 1.682 -0.5833073566084788 0.07640937500000002 1.497 1
0.031150768911055695 0.1487953125 1.7635 -0.3620147547797174 0.04341145833333334 1.667 0
-0.4630481088944306 -0.10296927083333333 1.6205 -0.7776574189526185 -0.15592031250000002 1.3485 1
0.7138471529509559 0.08817239583333333 1.9685 0.1937396093100582 -0.032734375 2.095 1
0.6610427057356608 0.4139296875 1.9575 0.15407678719866996 0.3023973958333333 2.0885 0
1.333387364921031 0.13299583333333334 2.164 0.71044108478803 -0.04956822916666667 2.5045 1
1.3343116167913551 0.22331718750000004 2.1655 0.7122849127182046 0.044465625 2.511 1
