-0.24962593516209475 -0.00525 1.68 -0.6025264962593516 -0.06609010416666666 1.4755 1
0.6518220074812967 0.4158328125 1.9665 0.15522028262676643 0.29149166666666665 2.104 0
-0.47227504156275973 -0.10277864583333332 1.6175 -0.792459476309227 -0.14003229166666664 1.331 1
-0.1477337905236908 0.151671875 1.713 -0.519203034081463 0.09507604166666667 1.547 1
-0.2497745220282627 0.131328125 1.681 -0.5969466957605984 0.07577135416666667 1.4845 1
-0.13396197007481297 0.324103125 1.719 -0.500182876142976 0.27276666666666666 1.568 0
0.27724750623441397 -0.4122114583333333 1.289 0.01731036990856193 -0.4872369791666667 1.2815 1
1.319988570241064 0.12937812499999998 2.179 0.6809756857855361 -0.049696875 2.511 1
0.5881198046550291 0.6426328125 1.9585 0.08331670822942644 0.5118583333333333 2.056 0
0.6387489609310057 -0.06342083333333333 1.964 0.10406899418121364 -0.21504583333333335 2.044 0
