-0.007855361596009976 -0.203175 1.512 -0.3201761221945137 -0.2639140625 1.3695 0
-0.16197319201995014 0.148103125 1.713 -0.5305148586866169 0.09801302083333334 1.5425 1
0.6344389027431421 0.4096083333333333 1.976 0.13247090606816292 0.2851979166666666 2.09 1
0.15184746467165422 -0.22406458333333332 1.642 -0.21758987946799668 -0.30997968750000005 1.5745 0
0.2637079177057357 0.3068203125 1.8525 -0.18773379052369077 0.21861979166666667 1.825 0
-0.47007325436408975 0.08276406249999999 1.6215 -0.782390897755611 0.046303125 1.347 1
-0.4845194305901912 -0.10252447916666665 1.6135 -0.7871072319201996 -0.13220833333333334 1.336 0
-0.07412718204488779 -0.0199375 1.74 -0.4564858686616792 -0.11729791666666668 1.586 0
0.0502322319201995 0.6471911458333334 1.7905 -0.3345947630922693 0.5686187500000001 1.722 1
-0.14480517456359102 0.32080156249999997 1.7205 -0.5037624688279302 0.259865625 1.569 1
