-0.09921030756442228 0.030741666666666667 1.736 -0.4890128844555279 -0.021314583333333335 1.574 0
0.03172485453034082 0.6454375 1.796 -0.3448290731504572 0.5713755208333333 1.7195 1
-0.2770604738154614 0.131015625 1.677 -0.6181889027431422 0.08416145833333334 1.469 1
-0.4992653782211139 -0.105459375 1.607 -0.8144134455527847 -0.16219947916666666 1.3085 0
-0.2771430798004988 0.1834765625 1.6775 -0.6139583333333334 0.13660572916666666 1.4735 1
0.8024568786367416 0.40756614583333334 2.0485 0.2642586242726517 0.27413385416666664 2.2115 1
0.616703034081463 0.40320312500000005 1.985 0.14250831255195345 0.27034375 2.11 0
1.2767768079800499 0.20986875 2.214 0.6441942019950124 0.03953906249999999 2.5305 1
-0.15896820448877808 0.320521875 1.719 -0.5086575228595179 0.23948750000000002 1.564 0
-0.02043069409808811 -0.20324218749999998 1.5125 -0.33375467581047386 -0.2621671875 1.3905 1
