-0.10293640897755611 -0.019914583333333333 1.738 -0.48620480049875314 -0.07713385416666665 1.5755 1
0.6107517664172901 0.40057552083333337 1.9925 0.10628376974231088 0.28485677083333333 2.0875 1
-0.06036627182044888 -0.08252343749999999 1.7605 -0.44997714048212806 -0.10819791666666667 1.598 0
-0.026725893599334992 -0.20646145833333332 1.513 -0.3410692019950125 -0.26113020833333334 1.385 1
-0.10651756026600166 0.0271484375 1.7375 -0.48651340399002496 -0.0279171875 1.5765 1
0.4890617206982544 0.058996875 1.953 -0.010338736492103075 -0.03523958333333333 1.99 0
-0.06384299667497922 0.33829947916666664 1.7555 -0.4344752701579385 0.27286145833333336 1.627 1
0.5709294472152951 -0.4311067708333333 1.4125 0.24021456774729844 -0.5204713541666667 1.4915 1
1.2701044264339154 0.2017765625 2.2265 0.6454748545303409 0.023578125000000002 2.515 0
-0.1661611596009975 0.3170328125 1.7195 -0.49586970074812964 0.283828125 1.575 0
