-0.1454364089775561 0.1026 1.728 -0.49586970074812964 0.073828125 1.575 0
-0.29065357439734 -0.019192708333333332 1.675 -0.6417866791354946 -0.05575052083333333 1.4465 1
-0.18678304239401497 -0.019616666666666668 1.712 -0.5403428927680798 -0.039947916666666666 1.534 0
-0.15257429343308396 0.2717213541666667 1.7275 -0.5194903366583542 0.2222682291666667 1.5575 1
0.2304203034081463 0.28923072916666664 1.8635 -0.20692331670822944 0.21505312499999998 1.827 1
-0.29091386118038237 0.1309765625 1.6765 -0.6341162718204489 0.1016515625 1.4565 1
0.6001314422277639 0.3934546875 1.9985 0.0803319825436409 0.29383593750000003 2.0895 1
-0.17340866583541148 0.31363281249999997 1.7205 -0.5198238778054863 0.2938421875 1.5585 0
-0.11022339983374897 -0.023548958333333335 1.739 -0.4977166458852868 -0.07688906250000001 1.5705 1
-0.25368298004987533 -0.1871390625 1.5355 -0.5605553823773898 -0.22505885416666663 1.3255 1
