-0.2946612635078969 0.21499375 1.678 -0.624506961762261 0.20970989583333335 1.4695 0
-0.25628844555278474 -0.19309583333333336 1.532 -0.5726194929343308 -0.23589270833333334 1.309 1
0.020607855361596008 0.636684375 1.803 -0.3734814006650041 0.5731567708333334 1.7035 1
1.2452202826267667 -0.18900000000000003 2.24 0.5621856816292602 -0.33815468750000005 2.5165 1
1.249667497921862 0.1849916666666667 2.248 0.5845339775561098 0.0344703125 2.5455 1
-0.039380714879467996 -0.21002916666666668 1.516 -0.35937344139650873 -0.24452187500000003 1.389 0
-0.2977930174563591 0.12395416666666666 1.676 -0.6459071072319202 0.09207187500000001 1.449 1
-0.11041354945968412 -0.02721875 1.742 -0.5119077306733167 -0.07657083333333334 1.564 1
0.5936019326683292 0.3904598958333334 2.0045 0.06302317123857024 0.2941171875 2.0915 1
0.5372958229426433 0.6176671875 1.9965 0.03663549459684123 0.5206604166666666 2.074 1
