0.01691708229426434 0.6350343749999999 1.809 -0.3865040523690773 0.5679359374999999 1.6985 1
-0.0456966957605985 -0.2132578125 1.5165 -0.3741136741479635 -0.26666979166666666 1.369 1
0.46395365752285955 0.043028125 1.967 -0.05990440565253533 -0.055912500000000004 1.988 1
1.2397750415627597 0.17151197916666666 2.2555 0.5595095594347465 0.018608333333333334 2.552 1
-0.3013658561928513 0.12748385416666666 1.6765 -0.6454613466334165 0.04675833333333333 1.448 0
0.7014837905236908 -0.1132875 2.052 0.09954800498753118 -0.219553125 2.129 0
0.5865845802161264 0.382965625 2.009 0.054291354945968415 0.27648958333333334 2.09 1
-0.1177213216957606 -0.027234375 1.743 -0.5298732335827099 -0.09848958333333332 1.55 0
0.44261325852036576 0.27604687499999997 1.963 -0.06813279301745635 0.17593229166666668 1.987 1
-0.20101413133832086 -0.023183333333333334 1.712 -0.5778086034912718 -0.07378020833333333 1.507 1
