-0.04231348711554447 -0.5029713541666666 1.1635 -0.06319357855361596 -0.5247421875 1.1475 1
-0.589552161263508 -0.5596718749999999 1.505 -0.6763170199501247 -0.6141953125 1.5315 0
0.8331452618453865 -0.164440625 1.563 0.8471820448877806 -0.1957 1.824 0
-0.6668064214463839 -0.5124453125 1.4685 -0.7015414588528679 -0.5435203125 1.3695 0
-0.02277431421446384 0.24060625 1.686 -0.09970854114713218 0.20868385416666665 1.6835 1
-0.019362011637572736 0.6687770833333333 1.694 -0.10056733167082295 0.6385187499999999 1.698 1
0.4467269326683292 -0.23109375 1.53 0.3869051330008313 -0.2525296875 1.5845 1
0.25836502493765584 0.16738802083333332 1.6915 0.21397495843724024 0.10635364583333333 1.7305 0
0.839541770573566 -0.197184375 1.539 0.7771228179551123 -0.211534375 1.651 0
-0.7430174563591022 0.08702499999999999 1.416 -0.7833800914380714 0.056588541666666665 1.325 1
