-0.1706229218620116 0.2646765625 1.7285 -0.5573701163757274 0.21293854166666665 1.537 1
-0.18792861596009974 0.3068203125 1.7225 -0.5764754779717373 0.25808333333333333 1.52 0
0.013081359102244389 0.2866359375 1.7985 -0.41174563591022445 0.21770833333333334 1.672 1
-0.051999688279301744 -0.2164171875 1.5165 -0.3864947007481297 -0.2710807291666667 1.3625 1
-0.1355205735660848 0.023548958333333335 1.739 -0.5391884871155445 -0.030657291666666663 1.549 1
0.43843983790523694 -0.28873281250000005 1.7655 -0.027213216957605986 -0.38375625 1.746 1
0.2121898379052369 0.2790734375 1.8735 -0.2548784289276808 0.198734375 1.817 1
-0.30805798004987534 0.120390625 1.675 -0.661461970074813 0.046403125 1.437 0
-0.2691988778054863 -0.193221875 1.533 -0.5929966749792187 -0.2315625 1.3 1
1.2327779509559436 0.16777447916666668 2.2685 0.534036783042394 0.013317708333333334 2.557 1
