0.4240040523690773 -0.29625677083333335 1.7665 -0.05315461346633416 -0.3840375 1.764 1
-0.2220360556940981 0.14067760416666666 1.7095 -0.6076309226932668 0.09455 1.488 1
-0.2753008104738155 -0.19622343750000001 1.5315 -0.6488887157107232 -0.23202031250000002 1.3665 0
0.6848025768911056 -0.12697291666666666 2.066 0.07800810473815462 -0.23014062500000002 2.145 1
-0.14270729426433915 0.0162984375 1.7385 -0.5515196384039901 -0.0336546875 1.5385 1
-0.12862479218620115 -0.03450677083333333 1.7435 -0.5247407522859517 -0.08957552083333332 1.5635 0
-0.09337281795511222 0.3211979166666667 1.762 -0.5065627597672486 0.26632083333333334 1.588 1
0.5695111180382377 0.36868489583333336 2.0225 -0.01932980049875312 0.269140625 2.067 0
0.6169841022443892 0.3209536458333334 2.0405 0.050665004156275985 0.20979166666666668 2.12 1
1.220074812967581 0.159125 2.28 0.5085593308395677 0.0080078125 2.5625 1
