1.2008442435577722 0.48869010416666664 2.2885 0.5030579800498753 0.31553437500000003 2.589 1
0.413107855361596 -0.33683437499999996 1.767 -0.07461710307564422 -0.4324015625 1.7515 1
-0.005600062344139651 0.07298281250000001 1.7965 -0.4568583748960931 0.03234947916666667 1.6345 0
0.5340066500415628 -0.300775 1.816 0.02847568578553616 -0.39775312500000004 1.827 1
0.4215227556109726 -0.2970953125 1.7715 -0.04262312967581047 -0.3919984375 1.7835 0
-0.1464884663341646 0.0163171875 1.7405 -0.557007481296758 -0.0496 1.536 1
-0.27866531587697424 -0.1963515625 1.5325 -0.6111892144638404 -0.23360677083333334 1.2815 1
-0.13941448462177888 -0.03448697916666667 1.7425 -0.55910536159601 -0.075053125 1.533 1
0.40850893599335 -0.380146875 1.763 -0.08154613466334165 -0.4668833333333334 1.744 1
0.5667056317539484 0.36959635416666664 2.0275 0.03302680798004988 0.2538385416666667 2.119 0
