0.09396248960931006 -0.1095765625 1.8455 -0.39278938071487945 -0.17639531249999998 1.7105 1
-0.0015949709060681628 -0.36296354166666667 1.535 -0.3339811928512053 -0.41816093749999994 1.3795 0
1.2018937032418955 0.06442031250000001 2.2905 0.4600929966749792 -0.09331510416666666 2.5595 1
-0.10820344970906068 -0.10111979166666665 1.765 -0.5435395885286785 -0.1545234375 1.5615 1
-0.0647121778886118 -0.22310312499999999 1.519 -0.40690045719035745 -0.25071354166666665 1.301 0
-0.13965450955943476 -0.0381828125 1.7455 -0.5716583541147132 -0.0873125 1.524 1
-0.1008961970074813 0.3181578125 1.7655 -0.5158125519534498 0.2659854166666667 1.586 1
-0.2846628221113882 -0.19928385416666666 1.5305 -0.6029171862011637 -0.2523828125 1.2425 0
0.08780860349127183 -0.2571802083333333 1.657 -0.3121410016625104 -0.3064359375 1.5565 0
0.5595178719867 0.36618333333333336 2.032 -0.010853075644222778 0.25894895833333337 2.089 1
