1.1917617414796344 0.05506822916666667 2.2985 0.43890274314214467 -0.08266666666666667 2.56 1
0.4078304239401496 -0.30155 1.776 -0.08966022443890274 -0.383384375 1.761 1
1.0332008520365754 0.09077656250000002 2.2345 0.31639650872817954 -0.0735875 2.436 0
-0.15724906483790524 0.012683854166666668 1.7395 -0.5911190773067331 -0.042440624999999996 1.509 0
1.1855517456359104 0.47780729166666674 2.305 0.46692383624272654 0.3165703125 2.5975 1
0.08624532418952618 -0.11335989583333334 1.8445 -0.4293594139650873 -0.1503921875 1.6595 0
0.5520215087281796 0.3625734375 2.0355 -0.02387105153782211 0.2632380208333333 2.0885 1
-0.10098192019950124 0.314746875 1.767 -0.5065902950955944 0.25809114583333337 1.5985 0
0.08202046965918537 -0.21518593749999998 1.6795 -0.3440445760598504 -0.27041822916666663 1.5545 1
1.1927987323358271 0.14617760416666667 2.3005 0.44561097256857857 0.002675 2.568 1
