-0.19599386949293432 0.2541671875 1.7305 -0.6035816708229426 0.21733229166666665 1.501 1
-0.014518391521197008 -0.36710156250000003 1.5525 -0.3798285536159601 -0.4086739583333333 1.339 0
-0.12951007896924357 0.10789010416666667 1.7555 -0.5600898794679966 0.06918072916666666 1.5445 1
0.5140383416458852 -0.3099546875 1.8255 -0.0017773275145469658 -0.38308072916666663 1.7105 0
-0.21317123857024106 0.2999041666666667 1.724 -0.62568214879468 0.2573713541666667 1.4795 0
0.07512936408977557 -0.2154421875 1.6815 -0.35123285536159604 -0.2781515625 1.5435 1
1.1835790731504574 0.14681302083333334 2.3105 0.43093931837073984 0.0026833333333333336 2.576 1
-0.07418225270157938 -0.22626770833333332 1.519 -0.4294342269326683 -0.2633203125 1.3375 1
0.5451636533665836 0.3636421875 2.0415 -0.04113310473815462 0.26694843749999997 2.0835 1
0.6953314630091438 0.29685937500000004 2.111 0.08550290939318372 0.18765 2.224 0
