-0.15756546134663343 -0.04175937500000001 1.743 -0.5983380091438072 -0.0798734375 1.5035 1
0.5778179551122195 0.0448875 2.052 -0.04985245220282626 -0.05866875 2.086 0
0.5843516209476309 0.2982708333333334 2.06 -0.032870947630922694 0.204309375 2.109 1
0.39809850374064837 -0.30628125 1.782 -0.12190045719035744 -0.38120729166666667 1.751 1
-0.07733894430590191 -0.22626770833333332 1.519 -0.44001714463840397 -0.26135156249999997 1.3275 1
0.5112229842061513 -0.31054895833333335 1.829 -0.040105985037406484 -0.39248958333333334 1.838 1
-0.11927472984206153 -0.10485625000000001 1.766 -0.5810266001662511 -0.1579875 1.532 0
0.07877078137988362 -0.11363645833333333 1.849 -0.4388066292601829 -0.19103385416666668 1.6825 0
0.5415835411471323 0.35982916666666664 2.044 -0.06263144222776393 0.2706380208333333 2.0785 1
0.7196446384039901 0.35520625 2.118 0.07152483374896093 0.24749322916666663 2.2205 1
