0.06466541978387365 -0.22601875 1.682 -0.4307543640897756 -0.26478541666666666 1.706 0
-0.22723815461346633 0.28879375 1.722 -0.6460671238570241 0.260596875 1.463 1
0.37926278054862844 -0.35795468750000003 1.7805 -0.14605205735660848 -0.4604203125 1.6935 0
0.37482439733998335 -0.3979739583333333 1.777 -0.12827306733167082 -0.45779374999999994 1.646 0
-0.08354218620116376 -0.23545104166666667 1.517 -0.45773586866167915 -0.26436979166666663 1.315 1
0.06688435162094764 -0.3077494791666667 1.6505 -0.3759990648379053 -0.3456578125 1.5015 0
0.5265175602660016 0.34832760416666664 2.0515 -0.10972100997506234 0.28253697916666665 2.0705 0
0.06399262261014131 -0.25834427083333333 1.6645 -0.37825280548628426 -0.3131140625 1.5105 0
-0.3018609725685785 -0.21389062499999997 1.521 -0.6590009351620948 -0.2270578125 1.2315 1
0.5697059434746466 0.290953125 2.069 -0.06349023275145471 0.1997260416666667 2.107 1
