1.1443136949293433 -0.3598505208333333 2.3185 0.24199137572734827 -0.4622098958333333 2.4515 0
0.4127883416458853 -0.3574703125 1.6905 -0.09523846633416459 -0.4322484375 1.6665 1
-0.23068266832917708 0.28862604166666667 1.721 -0.6527249584372402 0.26265364583333334 1.4575 1
-0.028033042394014964 -0.38517812500000004 1.587 -0.4259445137157107 -0.41844062499999995 1.371 1
0.3676454696591854 -0.39449375 1.778 -0.1704254987531172 -0.4657953125 1.7265 1
-0.30462073981712384 -0.213609375 1.519 -0.6647054239401496 -0.23227656249999998 1.2185 1
0.49396768495428095 -0.3193005208333333 1.8355 -0.0780252493765586 -0.3987328125 1.8315 1
0.3805408354114713 -0.3144984375 1.7865 -0.1709190565253533 -0.39860572916666664 1.7315 0
-0.08666614713216958 -0.23537343749999998 1.5165 -0.4560738778054863 -0.25921822916666665 1.2505 0
1.1580533042394017 0.13386197916666667 2.3365 0.34079125103906904 -0.0026901041666666666 2.5825 1
