0.3909523067331671 -0.1188203125 1.7025 0.3263253325020781 -0.1480359375 1.7545 1
-0.5516754987531173 0.29320677083333335 1.6855 -0.6249610349127181 0.2603515625 1.6125 0
0.16331047381546135 0.05809374999999999 1.69 0.08713996259351621 0.0267421875 1.7115 1
0.1739495012468828 0.0017614583333333334 1.691 0.09789588528678304 -0.023196875000000002 1.713 0
0.35950176641729015 -0.16646302083333336 1.5515 0.26436460931005823 -0.17615468750000002 1.5235 0
-0.14058343724023276 -0.5134932291666667 1.1765 -0.14256753948462178 -0.5344635416666667 1.153 1
0.23442175810473817 -0.5805328125 1.2195 0.220768391521197 -0.6018359375 1.2425 0
0.15965658769742308 0.25503385416666663 1.6885 0.12320916458852868 0.22734322916666666 1.7185 0
0.35324553200332504 -0.24614322916666664 1.5245 0.30506026600166253 -0.26984375 1.57 1
-0.7443292809642561 0.08717864583333333 1.4185 -0.9017129052369077 0.04575052083333333 1.5145 0
