 0 
 167 
 1
 461 
 2 
 366 
 3 
 652 
 4 
 704 
 5 
 424 
 6 
 98 
 7 
 165 
 8 
 637 
 9 
 215 
 10 
 51 
 11 
 259 
 12 
 342 
 13
 512 
 14 
 279 
 15 
 762 
 16 
 396 
 17 
 672 
 18 
 505 
 19 
 739 
 20 
 297 
 21 
 698 
 22 
 183 
 23 
 703 
 24 
 853 
 25
 463 
 26 
 162 
 27 
 809 
 28 
 367 
 29 
 640 
 30 
 244 
 31 
 278 
 32
 452 
 33 
 84 
 34 
 423 
 35 
 662 
 36 
 187 
 37 
 199 
 38
 443 
 39 
 14 
 40
 501 
 41 
 15 
 42
 569 
 43 
 2 
 44 
 694 
 45 
 386 
 46
 562 
 47 
 47 
 48 
 214 
 49 
 99 
 50 
 351 
 51 
 388 
 52 
 695 
 53 
 392 
 54 
 842 
 55 
 171 
 56 
 841 
 57 
 191 
 58 
 843 
 59 
 295 
 60 
 813 
 61 
 352 
 62
 483 
 63
 567 
 64 
 97 
 65
 582 
 66 
 89 
 67 
 103 
 68
 576 
 69
 472 
 70
 598 
 71 
 789 
 72 
 840 
 73 
 393 
 74 
 738 
 75 
 139 
 76 
 121 
 77
 485 
 78 
 361 
 79 
 263 
 80
 506 
 81 
 836 
 82
 515 
 83
 507 
 84 
 64 
 85 
 370 
 86 
 391 
 87 
 429 
 88
 613 
 89 
 129 
 90 
 228 
 91 
 22 
 92 
 786 
 93
 595 
 94 
 264 
 95 
 641 
 96
 467 
 97
 430 
 98 
 63 
 99 
 180 
 100 
 145 
 101 
 822 
 102 
 65 
 103 
 711 
 104 
 26 
 105 
 208 
 106 
 833 
 107
 583 
 108 
 23 
 109 
 179 
 110 
 300 
 111
 580 
 112 
 120 
 113 
 303 
 114 
 320 
 115 
 76 
 116
 456 
 117 
 804 
 118
 532 
 119 
 285 
 120 
 161 
 121
 542 
 122 
 85 
 123 
 241 
 124 
 368 
 125
 537 
 126 
 48 
 127 
 68 
 128 
 231 
 129 
 75 
 130
 476 
 131 
 273 
 132 
 811 
 133 
 53 
 134 
 405 
 135 
 740 
 136 
 340 
 137 
 91 
 138 
 846 
 139 
 310 
 140 
 378 
 141
 568 
 142 
 795 
 143
 500 
 144 
 722 
 145
 541 
 146 
 287 
 147 
 868 
 148
 527 
 149 
 62 
 150 
 144 
 151 
 870 
 152 
 728 
 153 
 403 
 154
 440 
 155 
 225 
 156
 462 
 157
 450 
 158 
 779 
 159 
 831 
 160 
 877 
 161 
 112 
 162 
 416 
 163
 477 
 164
 596 
 165
 460 
 166 
 771 
 167 
 45 
 168 
 852 
 169 
 763 
 170 
 274 
 171 
 778 
 172
 487 
 173 
 643 
 174
 448 
 175 
 650 
 176
 457 
 177
 548 
 178 
 794 
 179
 451 
 180
 468 
 181 
 747 
 182 
 234 
 183 
 330 
 184
 551 
 185 
 642 
 186 
 390 
 187 
 78 
 188 
 829 
 189 
 339 
 190
 606 
 191 
 687 
 192 
 306 
 193
 511 
 194 
 633 
 195 
 727 
 196 
 724 
 197 
 838 
 198 
 198 
 199
 489 
 200 
 255 
 201 
 34 
 202
 449 
 203 
 247 
 204 
 373 
 205 
 638 
 206 
 150 
 207 
 418 
 208 
 181 
 209 
 182 
 210 
 293 
 211 
 828 
 212
 444 
 213
 438 
 214 
 348 
 215 
 661 
 216 
 799 
 217
 516 
 218
 616 
 219 
 855 
 220
 581 
 221 
 675 
 222 
 411 
 223 
 224 
 224
 589 
 225 
 730 
 226 
 280 
 227 
 850 
 228
 561 
 229 
 654 
 230 
 256 
 231 
 649 
 232
 510 
 233 
 242 
 234 
 299 
 235 
 83 
 236 
 262 
 237
 603 
 238 
 106 
 239 
 645 
 240 
 421 
 241 
 21 
 242 
 128 
 243
 539 
 244 
 810 
 245
 465 
 246 
 33 
 247
 566 
 248 
 427 
 249 
 3 
 250
 546 
 251
 573 
 252 
 95 
 253 
 802 
 254 
 122 
 255 
 733 
 256 
 210 
 257 
 399 
 258 
 769 
 259 
 820 
 260 
 43 
 261
 584 
 262 
 381 
 263 
 406 
 264 
 422 
 265 
 146 
 266 
 800 
 267
 486 
 268 
 316 
 269 
 252 
 270
 552 
 271 
 221 
 272 
 13 
 273 
 271 
 274 
 127 
 275 
 702 
 276 
 17 
 277 
 756 
 278 
 207 
 279 
 296 
 280 
 160 
 281 
 745 
 282 
 19 
 283 
 56 
 284
 524 
 285 
 317 
 286 
 8 
 287 
 635 
 288
 435 
 289 
 861 
 290 
 336 
 291 
 807 
 292 
 41 
 293 
 814 
 294 
 31 
 295 
 46 
 296 
 60 
 297 
 847 
 298 
 190 
 299 
 830 
 300 
 699 
 301
 484 
 302
 574 
 303 
 223 
 304 
 871 
 305 
 204 
 306
 604 
 307 
 81 
 308
 434 
 309
 611 
 310
 446 
 311 
 298 
 312 
 349 
 313 
 358 
 314 
 29 
 315
 519 
 316 
 734 
 317 
 177 
 318
 607 
 319
 585 
 320 
 750 
 321 
 660 
 322 
 307 
 323 
 783 
 324
 549 
 325 
 281 
 326 
 759 
 327 
 714 
 328 
 866 
 329 
 754 
 330
 493 
 331 
 364 
 332 
 188 
 333 
 636 
 334 
 382 
 335 
 746 
 336 
 58 
 337 
 119 
 338
 514 
 339 
 755 
 340 
 130 
 341 
 270 
 342 
 415 
 343
 508 
 344 
 335 
 345
 563 
 346 
 752 
 347 
 87 
 348 
 238 
 349
 491 
 350 
 419 
 351 
 131 
 352 
 825 
 353 
 812 
 354
 593 
 355
 554 
 356 
 681 
 357
 490 
 358 
 301 
 359
 482 
 360 
 713 
 361 
 718 
 362 
 197 
 363
 570 
 364 
 658 
 365 
 319 
 366 
 857 
 367 
 143 
 368 
 707 
 369 
 118 
 370 
 709 
 371 
 70 
 372 
 229 
 373 
 720 
 374 
 169 
 375 
 837 
 376 
 175 
 377
 471 
 378 
 375 
 379
 557 
 380 
 359 
 381 
 267 
 382 
 716 
 383 
 90 
 384 
 665 
 385
 479 
 386 
 288 
 387 
 344 
 388 
 196 
 389 
 818 
 390 
 737 
 391
 454 
 392 
 166 
 393 
 859 
 394 
 25 
 395
 437 
 396
 445 
 397
 497 
 398 
 764 
 399 
 159 
 400 
 314 
 401 
 353 
 402
 600 
 403
 469 
 404 
 751 
 405 
 798 
 406 
 708 
 407
 525 
 408 
 620 
 409
 592 
 410 
 154 
 411
 550 
 412 
 282 
 413 
 377 
 414 
 774 
 415 
 328 
 416
 436 
 417 
 735 
 418 
 44 
 419 
 219 
 420 
 617 
 421
 503 
 422 
 854 
 423 
 341 
 424 
 844 
 425
 509 
 426 
 276 
 427 
 100 
 428 
 410 
 429 
 691 
 430 
 101 
 431
 556 
 432
 114 
 433 
 73 
 434 
 826 
 435
 612 
 436 
 27 
 437 
 669 
 438 
 149 
 439 
 793 
 440 
 862 
 441
 498 
 442 
 858 
 443
 614 
 444 
 40 
 445 
 805 
 446 
 753 
 447 
 203 
 448 
 651 
 449 
 749 
 450 
 347 
 451 
 782 
 452 
 732 
 453 
 628 
 454 
 275 
 455 
 173 
 456 
 742 
 457 
 18 
 458 
 323 
 459
 495 
 460 
 767 
 461 
 283 
 462 
 770 
 463 
 186 
 464 
 622 
 465
 442 
 466 
 322 
 467 
 109 
 468
 571 
 469 
 168 
 470 
 125 
 471 
 337 
 472 
 832 
 473 
 679 
 474 
 113 
 475 
 387 
 476 
 218 
 477 
 0 
 478 
 253 
 479 
 260 
 480 
 39 
 481 
 674 
 482 
 55 
 483
 545 
 484 
 132 
 485 
 110 
 486 
 327 
 487 
 184 
 488 
 379 
 489 
 54 
 490 
 294 
 491 
 235 
 492 
 380 
 493 
 766 
 494 
 354 
 495 
 141 
 496 
 157 
 497 
 269 
 498 
 394 
 499 
 308 
 500 
 849 
 501 
 647 
 502 
 400 
 503
 533 
 504 
 723 
 505 
 384 
 506
 453 
 507 
 639 
 508
 577 
 509 
 189 
 510 
 326 
 511 
 686 
 512 
 356 
 513
 564 
 514 
 20 
 515 
 710 
 516 
 268 
 517 
 816 
 518 
 194 
 519 
 696 
 520 
 644 
 521 
 632 
 522
 599 
 523
 431 
 524
 605 
 525 
 879 
 526 
 4 
 527 
 237 
 528 
 42 
 529 
 265 
 530 
 797 
 531 
 725 
 532
 609 
 533 
 111 
 534 
 693 
 535 
 321 
 536 
 803 
 537 
 9 
 538 
 343 
 539 
 254 
 540 
 867 
 541 
 158 
 542 
 92 
 543
 540 
 544 
 86 
 545 
 801 
 546
 579 
 547
 433 
 548 
 192 
 549 
 104 
 550 
 240 
 551 
 706 
 552 
 385 
 553 
 412 
 554
 578 
 555 
 712 
 556 
 701 
 557 
 28 
 558
 575 
 559 
 37 
 560 
 227 
 561 
 683 
 562 
 677 
 563 
 817 
 564
 547 
 565 
 670 
 566 
 209 
 567 
 869 
 568
 492 
 569 
 417 
 570 
 631 
 571
 608 
 572 
 821 
 573 
 38 
 574 
 338 
 575 
 736 
 576 
 318 
 577 
 865 
 578 
 93 
 579 
 304 
 580 
 383 
 581 
 653 
 582
 518 
 583 
 116 
 584 
 80 
 585 
 147 
 586
 586 
 587 
 5 
 588
 521 
 589 
 124 
 590 
 325 
 591 
 676 
 592 
 312 
 593 
 200 
 594 
 731 
 595 
 178 
 596 
 625 
 597 
 690 
 598 
 117 
 599 
 404 
 600 
 74 
 601 
 251 
 602
 494 
 603 
 216 
 604 
 372 
 605 
 309 
 606
 447 
 607
 528 
 608 
 856 
 609 
 346 
 610 
 397 
 611
 502 
 612 
 79 
 613 
 389 
 614 
 261 
 615
 522 
 616 
 656 
 617
 523 
 618 
 657 
 619 
 775 
 620
 615 
 621 
 172 
 622
 439 
 623 
 230 
 624 
 376 
 625 
 311 
 626
 597 
 627 
 402 
 628 
 67 
 629
 441 
 630 
 646 
 631 
 250 
 632 
 350 
 633
 565 
 634
 572 
 635 
 137 
 636 
 700 
 637 
 413 
 638 
 772 
 639 
 663 
 640 
 292 
 641 
 217 
 642 
 286 
 643
 504 
 644 
 77 
 645 
 407 
 646 
 872 
 647 
 290 
 648 
 839 
 649
 591 
 650 
 743 
 651
 602 
 652 
 835 
 653 
 248 
 654
 601 
 655 
 16 
 656 
 236 
 657 
 834 
 658 
 689 
 659 
 719 
 660 
 201 
 661 
 414 
 662 
 401 
 663 
 138 
 664 
 239 
 665 
 135 
 666
 478 
 667 
 741 
 668 
 226 
 669 
 626 
 670
 455 
 671
 520 
 672 
 815 
 673 
 398 
 674 
 875 
 675 
 685 
 676 
 155 
 677 
 170 
 678 
 624 
 679 
 245 
 680
 464 
 681 
 258 
 682 
 619 
 683 
 222 
 684
 499 
 685 
 277 
 686 
 32 
 687 
 697 
 688 
 195 
 689 
 878 
 690
 590 
 691 
 102 
 692 
 35 
 693 
 666 
 694 
 673 
 695
 534 
 696 
 819 
 697 
 630 
 698 
 671 
 699 
 142 
 700 
 313 
 701 
 115 
 702 
 153 
 703
 559 
 704 
 788 
 705
 587 
 706 
 827 
 707 
 82 
 708 
 156 
 709 
 88 
 710 
 420 
 711 
 796 
 712 
 668 
 713 
 61 
 714 
 851 
 715
 529 
 716 
 206 
 717
 536 
 718 
 776 
 719
 432 
 720 
 96 
 721 
 374 
 722 
 678 
 723 
 806 
 724 
 621 
 725 
 781 
 726 
 876 
 727 
 425 
 728 
 863 
 729 
 408 
 730 
 618 
 731 
 692 
 732 
 257 
 733 
 69 
 734
 555 
 735 
 24 
 736 
 664 
 737 
 791 
 738 
 140 
 739 
 36 
 740 
 52 
 741 
 787 
 742 
 232 
 743 
 760 
 744 
 860 
 745 
 249 
 746 
 726 
 747 
 289 
 748 
 272 
 749
 531 
 750 
 395 
 751 
 768 
 752 
 136 
 753 
 49 
 754
 475 
 755 
 792 
 756 
 357 
 757 
 94 
 758 
 324 
 759
 481 
 760 
 648 
 761 
 873 
 762
 544 
 763 
 152 
 764 
 71 
 765 
 773 
 766 
 688 
 767 
 50 
 768 
 715 
 769
 543 
 770
 458 
 771 
 332 
 772 
 667 
 773 
 874 
 774
 530 
 775
 466 
 776 
 426 
 777 
 355 
 778 
 72 
 779
 496 
 780 
 761 
 781
 594 
 782
 480 
 783 
 684 
 784 
 329 
 785 
 362 
 786 
 371 
 787 
 246 
 788 
 880 
 789
 473 
 790 
 363 
 791 
 334 
 792 
 765 
 793
 474 
 794
 558 
 795
 538 
 796
 535 
 797 
 220 
 798 
 105 
 799 
 777 
 800 
 780 
 801 
 7 
 802 
 659 
 803 
 107 
 804 
 627 
 805 
 682 
 806 
 333 
 807 
 680 
 808 
 305 
 809 
 202 
 810 
 784 
 811 
 266 
 812 
 133 
 813 
 823 
 814 
 163 
 815
 513 
 816 
 824 
 817 
 12 
 818 
 243 
 819 
 123 
 820 
 291 
 821 
 629 
 822 
 151 
 823 
 409 
 824 
 185 
 825 
 233 
 826 
 345 
 827 
 126 
 828 
 1 
 829 
 66 
 830 
 108 
 831 
 721 
 832 
 164 
 833 
 655 
 834 
 845 
 835
 488 
 836 
 211 
 837 
 134 
 838 
 758 
 839 
 30 
 840
 610 
 841 
 365 
 842 
 59 
 843 
 360 
 844 
 6 
 845 
 729 
 846
 560 
 847 
 331 
 848 
 744 
 849 
 148 
 850 
 428 
 851
 553 
 852 
 864 
 853 
 717 
 854 
 705 
 855 
 213 
 856 
 790 
 857 
 174 
 858 
 785 
 859 
 10 
 860 
 11 
 861 
 848 
 862 
 302 
 863 
 808 
 864
 517 
 865 
 757 
 866 
 205 
 867 
 623 
 868 
 284 
 869
 588 
 870 
 315 
 871 
 176 
 872 
 193 
 873 
 369 
 874 
 57 
 875 
 748 
 876 
 212 
 877 
 634 
 878
 470 
 879
 459 
 880
 526 
